branch_key,generation,proposal_rank,replicate,seed,operator_id,action_type,action_sha256,parent_candidate_id,donor_candidate_id,candidate_id,sequence,sequence_sha256,guruprasad_instability_index,maximum_hydrophobic_run,hydrophobic_fraction,net_charge_ph7_4,historical_exact_replay,score_all_status,family_key_80_80,family_representative_sequence,combined_family_size,new_family_relative_to_all_references,diversity_qualified,molecular_weight_da,isoelectric_point,hydrophobic_ratio_modlamp,hydrophobic_moment_eisenberg,macrel_amp_probability,macrel_hemolysis_probability,macrel_hemolysis_label,toxinpred3_ml_score,toxinpred3_hybrid_score,toxinpred3_label,llamp_log10_mic_um,llamp_predicted_mic_um,amp_read_log10_mic_um,amp_read_predicted_mic_um,amp_read_cnn_log10_mic_um,amp_read_transformer_log10_mic_um,amp_read_attention_log10_mic_um,amp_read_lstm_log10_mic_um,formal_metric_count,formal_12_complete,display_eligible,activity_model_support_count,excellent_sequence_stage,structure_md_status,amp_read_log10_mic_um__parent_benefit_percentile,llamp_log10_mic_um__parent_benefit_percentile,macrel_amp_probability__parent_benefit_percentile,activity_model_support_count_calibrated,excellent_sequence_stage_calibrated,activity_support_semantics,evidence_scope,hemopi2_classification_label,hemopi2_classification_score,hemopi2_hc50_um,target_key,validator_version,calibrated_hemolysis_probability,calibration_risk_threshold,calibration_threshold_exceeded,reported_hc50_below_100_um,challenger_conflict_status,candidate_hard_gate_allowed,missing_verified_runtimes
pbp2a,2,58,20,20279921,autoresearch-rule-substitution-v3,masked_substitution,e4bbb378e4f2ab58724be64b1bf198e873ff9089c46f3e34cab7e9935cba2a5f,0ccfea34e392801d45b888c0408f438ffcd3a5481d26a624b9c80e952d755d69,,proposal-863b762202a65561fc75,RKTNRAGRRKKTKGKHRNNHK,863b762202a65561fc75eaeb8889577d826f98cfe878d826a41e5da554bdc5fb,38.709524,1,0.047619,11.07,false,pending,seqfam80_01402bdbccebae59f456,RKTDRAGKRKKTKGKHRNNHK,41,false,false,2571.96,12.73095703125,0.047619047619047616,0.2751152653187862,0.297,0.327,low,0.305,0.305,Non-Toxin,1.0359795093536377,10.863743656825951,1.5811305953085897,38.11804297128073,1.5287361145019531,1.7502745389938354,0.8705527782440186,2.1750166416168213,12,true,true,0,false,not_started,0.941935,0.992258,0.819355,3,true,at_or_above_parent_run_top_quartile_per_independent_model,autoresearch_structure_cohort_challenger_shadow,0,0.15,191.521,pbp2a,HemoPI2-Zenodo-14676712-rf-only-v27,0.06214015623710274,0.28251089202785207,False,False,no_conflict,False,apex;peptiverse
pbp2a,2,76,26,20285921,autoresearch-rule-substitution-v3,masked_substitution,187af9f56a8ae807b49c38c8e6e605c7f2e7e3817365de9394ad4c181510c62f,0ccfea34e392801d45b888c0408f438ffcd3a5481d26a624b9c80e952d755d69,,proposal-f8c9ae2b73ae8bba58c8,RKTDRAGRRKKKKGKHRNNHK,f8c9ae2b73ae8bba58c88213ef2183ce94b6e539beff19a8c73f9e6379577879,42.276190,1,0.047619,11.07,false,pending,seqfam80_01402bdbccebae59f456,RKTDRAGKRKKTKGKHRNNHK,41,false,false,2600.01,12.331298828125,0.047619047619047616,0.34126419076247383,0.228,0.485,low,0.365,0.365,Non-Toxin,0.9879622459411621,9.72662664655901,1.5894645532974474,38.85657822905269,1.4740426540374756,1.9065358638763428,0.6175245642662048,2.359832763671875,12,true,true,1,false,not_started,0.941935,0.992258,0.703226,2,true,at_or_above_parent_run_top_quartile_per_independent_model,autoresearch_structure_cohort_challenger_shadow,0,0.165,197.116,pbp2a,HemoPI2-Zenodo-14676712-rf-only-v27,0.07354272637005176,0.28251089202785207,False,False,no_conflict,False,apex;peptiverse
pbp2a,2,1,1,20260921,autoresearch-rule-substitution-v3,masked_substitution,38095d6fd2663b7eeb0ab25878744218774012c1dbf7e245803ac7b94bb94475,0ccfea34e392801d45b888c0408f438ffcd3a5481d26a624b9c80e952d755d69,,proposal-f2828fee9e0a73a98539,RKTDRKGRRKKTKGKHRNNHK,f2828fee9e0a73a98539c421905b1e39d244b5aa2d1dc5dd2a96050aed7e4907,38.233333,0,0.000000,11.07,false,pending,seqfam80_01402bdbccebae59f456,RKTDRAGKRKKTKGKHRNNHK,41,false,false,2630.04,12.331298828125,0.0,0.2689835546023258,0.238,0.465,low,0.335,0.335,Non-Toxin,0.8866692781448364,7.703166378133213,1.7005605800572874,50.183457542937084,1.6977828741073608,2.0533759593963623,0.7883896827697754,2.2627508640289307,12,true,true,1,false,not_started,0.894194,0.994839,0.718710,2,true,at_or_above_parent_run_top_quartile_per_independent_model,autoresearch_structure_cohort_challenger_shadow,0,0.165,184.2,pbp2a,HemoPI2-Zenodo-14676712-rf-only-v27,0.07354272637005176,0.28251089202785207,False,False,no_conflict,False,apex;peptiverse
pbp2a,2,118,40,20299921,autoresearch-rule-substitution-v3,masked_substitution,c49c5d6a0901da08ba3b9e68256183a66d1fb459529eb6a9349f6c3029cf9f54,0ccfea34e392801d45b888c0408f438ffcd3a5481d26a624b9c80e952d755d69,,proposal-06935f81b210c010cea1,RKTDQAGRRKKTKGKHRNNHK,06935f81b210c010cea15d1ef6b7c62bcf14058d34a473b898bdec7554873d4f,45.866667,1,0.047619,9.07,false,pending,seqfam80_01402bdbccebae59f456,RKTDRAGKRKKTKGKHRNNHK,41,false,false,2544.89,12.17919921875,0.047619047619047616,0.19609449600172812,0.218,0.416,low,0.29,0.29,Non-Toxin,1.338813066482544,21.81790600853744,1.5895102168658912,38.86066398969889,1.5022969245910645,1.8163845539093018,0.942400336265564,2.097008228302002,12,true,true,0,false,not_started,0.941935,0.957419,0.691613,2,true,at_or_above_parent_run_top_quartile_per_independent_model,autoresearch_structure_cohort_challenger_shadow,0,0.17,192.252,pbp2a,HemoPI2-Zenodo-14676712-rf-only-v27,0.07754252344033356,0.28251089202785207,False,False,no_conflict,False,apex;peptiverse
pbp2a,2,31,11,20270921,autoresearch-rule-substitution-v3,masked_substitution,3d7e0b061b6fd100530e844333599cd54ffc2815d1dccf4fe35c81af97ac8d98,0ccfea34e392801d45b888c0408f438ffcd3a5481d26a624b9c80e952d755d69,,proposal-a57a4493dbb2fd4110ca,RKTDRAGRRKKTKGKHRNNHQ,a57a4493dbb2fd4110ca3af1e1fb322230fea867c47a23c55fe725ce1b873ae2,31.000000,1,0.047619,9.071,false,pending,seqfam80_01402bdbccebae59f456,RKTDRAGKRKKTKGKHRNNHK,41,false,false,2572.9,12.31689453125,0.047619047619047616,0.3042692750738917,0.238,0.406,low,0.365,0.365,Non-Toxin,1.3572646379470825,22.76484187026448,1.6572162168831932,45.41676712789873,1.6631743907928467,1.85270357131958,1.0118159055709839,2.1012136936187744,12,true,true,0,false,not_started,0.912258,0.954839,0.718710,2,true,at_or_above_parent_run_top_quartile_per_independent_model,autoresearch_structure_cohort_challenger_shadow,0,0.18,193.616,pbp2a,HemoPI2-Zenodo-14676712-rf-only-v27,0.08583872190147991,0.28251089202785207,False,False,no_conflict,False,apex;peptiverse
pbp2a,2,106,36,20295921,autoresearch-rule-substitution-v3,masked_substitution,71342384dc57f0a4082afe224977dc5489ca435dad8f7bcff695fa4af4c9c42b,0ccfea34e392801d45b888c0408f438ffcd3a5481d26a624b9c80e952d755d69,,proposal-6befff0a8e3e92e58da8,QKTDRAGRRKKTKGKHRNNHK,6befff0a8e3e92e58da84eaedfd0f2f649e7311ac8166afae2a818fd8030ba65,42.276190,1,0.047619,9.07,false,pending,seqfam80_01402bdbccebae59f456,RKTDRAGKRKKTKGKHRNNHK,41,false,false,2544.89,12.17919921875,0.047619047619047616,0.21614118875253358,0.267,0.376,low,0.325,0.325,Non-Toxin,0.9597259759902954,9.114355752180417,1.8425509623495353,69.5906611172646,1.6325815916061401,1.858017921447754,1.6276694536209106,2.2519686222076416,12,true,true,1,false,not_started,0.803871,0.993548,0.779355,3,true,at_or_above_parent_run_top_quartile_per_independent_model,autoresearch_structure_cohort_challenger_shadow,0,0.185,186.221,pbp2a,HemoPI2-Zenodo-14676712-rf-only-v27,0.09013443809635828,0.28251089202785207,False,False,no_conflict,False,apex;peptiverse
pbp2a,2,19,7,20266921,autoresearch-rule-substitution-v3,masked_substitution,afd4734e1ea7c703be159df8490f2f74a76854015bb112b4546ae96bf0fcc1dc,0ccfea34e392801d45b888c0408f438ffcd3a5481d26a624b9c80e952d755d69,,proposal-33f62921695a64ca4d02,RKTDRAGRQKKTKGKHRNNHK,33f62921695a64ca4d022e0554f64495dd666f41215497d5f659022fc57085bd,24.171429,1,0.047619,9.07,false,pending,seqfam80_01402bdbccebae59f456,RKTDRAGKRKKTKGKHRNNHK,41,false,false,2544.89,12.17919921875,0.047619047619047616,0.2243324379222688,0.228,0.406,low,0.32,0.32,Non-Toxin,0.7799626588821411,6.025077795647478,1.7664709372885787,58.40781196474831,1.7986152172088623,2.012495994567871,0.7958747148513794,2.4589669704437256,12,true,true,1,false,not_started,0.852903,0.997419,0.703226,2,true,at_or_above_parent_run_top_quartile_per_independent_model,autoresearch_structure_cohort_challenger_shadow,0,0.185,182.247,pbp2a,HemoPI2-Zenodo-14676712-rf-only-v27,0.09013443809635828,0.28251089202785207,False,False,no_conflict,False,apex;peptiverse
pbp2a,2,113,38,20297922,autoresearch-rule-crossover-v3,controlled_crossover,ccdec9167c30b7c67b3edde209723d29a85635fefb7d11d9cf06e3e8c8f5d3b7,5e43565cb839f1463f19c4c25e930f4028d32d1ad1233f291f2aa28b97f160c8,c07048f722caabf59c5758a7c9e846a219ab9c9864a06f726a64736b79d1e79d,proposal-83d2396b086e92564623,KHKNTKEHRNNHRKTRNKKG,83d2396b086e92564623823f81bc5063f8046bfe7b27c741314ba09e3af071cc,33.260000,0,0.000000,8.112,false,pending,seqfam80_04cb3062549a0a389199,KKGSGGEHKNTNKNRGRKTRNKKG,27,false,false,2511.81,11.97509765625,0.0,0.15445290216605936,0.307,0.495,low,0.37,0.37,Non-Toxin,1.4085373878479004,25.617537926521944,1.7923711877816308,61.99707323836351,1.686923861503601,1.732811450958252,0.9610577821731567,2.7887866497039795,12,true,true,0,false,not_started,0.842581,0.927742,0.830968,3,true,at_or_above_parent_run_top_quartile_per_independent_model,autoresearch_structure_cohort_challenger_shadow,0,0.19,193.693,pbp2a,HemoPI2-Zenodo-14676712-rf-only-v27,0.09452806327045638,0.28251089202785207,False,False,no_conflict,False,apex;peptiverse
pbp2a,2,102,34,20293923,autoresearch-rule-de-novo-v4,de_novo,19764318f7fda881c37febdbf61a9e7d46b09ebe4f493a5dc406e9bb01c05c40,,,proposal-3c27330a2cb4e6d5414c,RKNKHGVNGTKKKNKTKKRLHRK,3c27330a2cb4e6d5414cc1bad67ebc20ea85684d22b41146546c679fc12dd656,29.595652,1,0.086957,12.068,false,pending,seqfam80_3c27330a2cb4e6d5414c,RKNKHGVNGTKKKNKTKKRLHRK,1,true,true,2785.32,12.4921875,0.08695652173913043,0.420813795495307,0.267,0.475,low,0.37,0.0,Non-Toxin,1.0377566814422607,10.908290155138213,1.8606246794554413,72.54787222971731,1.4720382690429688,2.399405002593994,1.028852105140686,2.542271375656128,12,true,true,0,false,not_started,0.794839,0.992258,0.779355,3,true,at_or_above_parent_run_top_quartile_per_independent_model,autoresearch_structure_cohort_challenger_shadow,0,0.19,183.068,pbp2a,HemoPI2-Zenodo-14676712-rf-only-v27,0.09452806327045638,0.28251089202785207,False,False,no_conflict,False,apex;peptiverse
pbp2a,2,112,38,20297921,autoresearch-rule-substitution-v3,masked_substitution,23c8d1063a9949cff0054df3258f65189ce3a7240c24cb0f46b14c25bdf08a28,0ccfea34e392801d45b888c0408f438ffcd3a5481d26a624b9c80e952d755d69,,proposal-9469f429764547b4edb1,RKTDRAGRRKKTQGKHRNNHK,9469f429764547b4edb1f157262bd8c03dfea4935fd18b4d76baa3b7e28d0dbb,42.728571,1,0.047619,9.071,false,pending,seqfam80_01402bdbccebae59f456,RKTDRAGKRKKTKGKHRNNHK,41,false,false,2572.9,12.31689453125,0.047619047619047616,0.2727936194978503,0.257,0.396,low,0.35,0.35,Non-Toxin,0.8924431800842285,7.8062630201675995,1.7604316962150075,57.60122189541439,1.795287013053894,1.9216076135635376,1.0774786472320557,2.2474000453948975,12,true,true,1,false,not_started,0.858065,0.994839,0.761290,3,true,at_or_above_parent_run_top_quartile_per_independent_model,autoresearch_structure_cohort_challenger_shadow,0,0.19,195.55,pbp2a,HemoPI2-Zenodo-14676712-rf-only-v27,0.09452806327045638,0.28251089202785207,False,False,no_conflict,False,apex;peptiverse
pbp2a,2,73,25,20284921,autoresearch-rule-substitution-v3,masked_substitution,a2fbc9c3fec845acdb8d9abaa04bf38dff4a5ccd1f97f5553b4e7571196031e6,0ccfea34e392801d45b888c0408f438ffcd3a5481d26a624b9c80e952d755d69,,proposal-ed90e1caf41f2a4e678d,RKTDRANRRKKTKGKHRNNHK,ed90e1caf41f2a4e678d7ffcd2682e1accce003ccf3edba84332a465d1d11f3f,42.276190,1,0.047619,10.07,false,pending,seqfam80_01402bdbccebae59f456,RKTDRAGKRKKTKGKHRNNHK,41,false,false,2629.99,12.32421875,0.047619047619047616,0.22083031177220602,0.257,0.386,low,0.28,0.28,Non-Toxin,1.147544264793396,14.045728351965103,1.695785865786307,49.63475308772631,1.6347545385360718,2.0999491214752197,0.935868501663208,2.1126134395599365,12,true,true,0,false,not_started,0.895484,0.985806,0.761290,3,true,at_or_above_parent_run_top_quartile_per_independent_model,autoresearch_structure_cohort_challenger_shadow,0,0.19,193.817,pbp2a,HemoPI2-Zenodo-14676712-rf-only-v27,0.09452806327045638,0.28251089202785207,False,False,no_conflict,False,apex;peptiverse
pbp2a,2,4,2,20261921,autoresearch-rule-substitution-v3,masked_substitution,3d3b5fc30b26a7301780baa08583e64e060d0b6d6a2d0c581549440f0ebaff4e,0ccfea34e392801d45b888c0408f438ffcd3a5481d26a624b9c80e952d755d69,,proposal-0833df5de34bae5a5f31,RKTDRNGRRKKTKGKHRNNHK,0833df5de34bae5a5f31e61f3b7982cac2b90e0d929a022c62b3b867561a17fb,40.995238,0,0.000000,10.07,false,pending,seqfam80_01402bdbccebae59f456,RKTDRAGKRKKTKGKHRNNHK,41,false,false,2615.97,12.32421875,0.0,0.2665935295087204,0.287,0.366,low,0.33,0.0,Non-Toxin,1.0462430715560913,11.123541298432015,1.7905789557531677,61.74175296376315,1.909980058670044,2.0314810276031494,0.8958948850631714,2.3250131607055664,12,true,true,0,false,not_started,0.842581,0.990968,0.806452,3,true,at_or_above_parent_run_top_quartile_per_independent_model,autoresearch_structure_cohort_challenger_shadow,0,0.19,193.646,pbp2a,HemoPI2-Zenodo-14676712-rf-only-v27,0.09452806327045638,0.28251089202785207,False,False,no_conflict,False,apex;peptiverse
pbp2a,2,88,30,20289921,autoresearch-rule-substitution-v3,masked_substitution,77abe8b2acc5e392b108cca65233ed8bc26d17e77bcebe117726820c32d4aba6,0ccfea34e392801d45b888c0408f438ffcd3a5481d26a624b9c80e952d755d69,,proposal-036bae5470e6829505a7,KKTDRAGRRKKTKGKHRNNHK,036bae5470e6829505a7d896b455a421743b8d4813dd79dcc08d2196204fc3c0,42.276190,1,0.047619,10.07,false,pending,seqfam80_01402bdbccebae59f456,RKTDRAGKRKKTKGKHRNNHK,41,false,false,2544.93,12.18994140625,0.047619047619047616,0.23771473053441958,0.248,0.406,low,0.34,0.34,Non-Toxin,0.933786153793335,8.585906481508896,1.8016347425202146,63.33368278577032,1.623891830444336,2.0111327171325684,1.301138997077942,2.270418643951416,12,true,true,1,false,not_started,0.838710,0.993548,0.747097,2,true,at_or_above_parent_run_top_quartile_per_independent_model,autoresearch_structure_cohort_challenger_shadow,0,0.19,186.577,pbp2a,HemoPI2-Zenodo-14676712-rf-only-v27,0.09452806327045638,0.28251089202785207,False,False,no_conflict,False,apex;peptiverse
pbp2a,2,61,21,20280921,autoresearch-rule-substitution-v3,masked_substitution,846f43783430448f9da41ea78b05782d147dd46a5da81dc2c2f03a7c0a5a5cf0,0ccfea34e392801d45b888c0408f438ffcd3a5481d26a624b9c80e952d755d69,,proposal-1dec54f4f817c130cefd,RKTDKAGRRKKTKGKHRNNHK,1dec54f4f817c130cefdcfb8624f4e47b699103eab96c4bbcfd97cdc2f9d8f2e,41.823810,1,0.047619,10.07,false,pending,seqfam80_01402bdbccebae59f456,RKTDRAGKRKKTKGKHRNNHK,41,false,false,2544.93,12.18994140625,0.047619047619047616,0.2269357425049478,0.248,0.406,low,0.385,0.0,Non-Toxin,0.8755999803543091,7.50930908485047,1.6814356167987512,48.02148841626576,1.4686452150344849,1.858860969543457,0.9872422218322754,2.4110641479492188,12,true,true,1,false,not_started,0.901935,0.996129,0.747097,2,true,at_or_above_parent_run_top_quartile_per_independent_model,autoresearch_structure_cohort_challenger_shadow,0,0.19,184.17,pbp2a,HemoPI2-Zenodo-14676712-rf-only-v27,0.09452806327045638,0.28251089202785207,False,False,no_conflict,False,apex;peptiverse
pbp2a,2,22,8,20267921,autoresearch-rule-substitution-v3,masked_substitution,8cb748d5dc6ed7694c2ffad0b6d51ae75aeda9d9f7ebb850492af3a3551ed139,0ccfea34e392801d45b888c0408f438ffcd3a5481d26a624b9c80e952d755d69,,proposal-01402bdbccebae59f456,RKTDRAGKRKKTKGKHRNNHK,01402bdbccebae59f456706580dcc07a399767c0f4fcb9a2f8606a69c7714bd1,26.480952,1,0.047619,10.07,false,pending,seqfam80_01402bdbccebae59f456,RKTDRAGKRKKTKGKHRNNHK,41,false,false,2544.93,12.18994140625,0.047619047619047616,0.25113202690230474,0.228,0.416,low,0.3,0.3,Non-Toxin,0.7686569690704346,5.870255026325333,1.7902333734080624,61.69264257046778,1.6126912832260132,1.8695552349090576,0.8730881214141846,2.805697202682495,12,true,true,1,false,not_started,0.843871,0.997419,0.703226,2,true,at_or_above_parent_run_top_quartile_per_independent_model,autoresearch_structure_cohort_challenger_shadow,0,0.19,185.082,pbp2a,HemoPI2-Zenodo-14676712-rf-only-v27,0.09452806327045638,0.28251089202785207,False,False,no_conflict,False,apex;peptiverse
pbp2a,2,10,4,20263921,autoresearch-rule-substitution-v3,masked_substitution,9d68fa166b00889aa5fb6f97d701ba8215bbd3e2c686d55c8eaca563a734f456,0ccfea34e392801d45b888c0408f438ffcd3a5481d26a624b9c80e952d755d69,,proposal-4b366e8301c90347c0d7,RKTDRAGRKKKTKGKHRNNHK,4b366e8301c90347c0d7d035a954a882b06a88da6a375f0340532a74192c2a11,15.000000,1,0.047619,10.07,false,pending,seqfam80_01402bdbccebae59f456,RKTDRAGKRKKTKGKHRNNHK,41,false,false,2544.93,12.18994140625,0.047619047619047616,0.24227046351987833,0.238,0.455,low,0.34,0.34,Non-Toxin,0.8044595718383789,6.374697366725218,1.690972344144585,49.08766161538117,1.4848092794418335,1.9478988647460938,0.7727494239807129,2.5585174560546875,12,true,true,1,false,not_started,0.895484,0.997419,0.718710,2,true,at_or_above_parent_run_top_quartile_per_independent_model,autoresearch_structure_cohort_challenger_shadow,0,0.19,185.809,pbp2a,HemoPI2-Zenodo-14676712-rf-only-v27,0.09452806327045638,0.28251089202785207,False,False,no_conflict,False,apex;peptiverse
pbp2a,2,85,29,20288921,autoresearch-rule-substitution-v3,masked_substitution,4773f4794ccbfa3b20fa9c16c608c1f7dce4cab840beadd55f705795c4a15ac3,0ccfea34e392801d45b888c0408f438ffcd3a5481d26a624b9c80e952d755d69,,proposal-5ef6f5ef0c5a7a02f189,RKTDRAGRRKKTKGKHRNNKK,5ef6f5ef0c5a7a02f189211bf1561d485f775c30fd05040d7e3c8f25d415cc9f,42.276190,1,0.047619,11.028,false,pending,seqfam80_01402bdbccebae59f456,RKTDRAGKRKKTKGKHRNNHK,41,false,false,2563.97,12.331298828125,0.047619047619047616,0.3012993048443796,0.248,0.396,low,0.36,0.36,Non-Toxin,1.0288913249969482,10.687873994081276,1.5365353624816847,34.398171899420284,1.5119540691375732,1.9493389129638672,0.5896584987640381,2.095247983932495,12,true,true,0,false,not_started,0.958710,0.992258,0.747097,2,true,at_or_above_parent_run_top_quartile_per_independent_model,autoresearch_structure_cohort_challenger_shadow,0,0.19,191.164,pbp2a,HemoPI2-Zenodo-14676712-rf-only-v27,0.09452806327045638,0.28251089202785207,False,False,no_conflict,False,apex;peptiverse
pbp2a,2,103,35,20294921,autoresearch-rule-substitution-v3,masked_substitution,ee7136b76cb149ddafab4881925cfb945d3c073910574253244a4192a457a09f,0ccfea34e392801d45b888c0408f438ffcd3a5481d26a624b9c80e952d755d69,,proposal-b41aae8fa7500c34f503,RKTDRAGRRKKTKGKHRNNHN,b41aae8fa7500c34f503c87e22af5092793174fbc4070b9e87e3aca58e7e6208,42.276190,1,0.047619,9.071,false,pending,seqfam80_01402bdbccebae59f456,RKTDRAGKRKKTKGKHRNNHK,41,false,false,2558.87,12.31689453125,0.047619047619047616,0.30749560346549887,0.257,0.376,low,0.375,0.375,Non-Toxin,1.4083553552627563,25.60680270031181,1.6093191653091468,40.67421362990957,1.529352068901062,1.8607103824615479,0.9989737272262573,2.0482828617095947,12,true,true,0,false,not_started,0.935484,0.927742,0.761290,3,true,at_or_above_parent_run_top_quartile_per_independent_model,autoresearch_structure_cohort_challenger_shadow,0,0.195,197.96,pbp2a,HemoPI2-Zenodo-14676712-rf-only-v27,0.09901918351245517,0.28251089202785207,False,False,no_conflict,False,apex;peptiverse
pbp2a,2,13,5,20264921,autoresearch-rule-substitution-v3,masked_substitution,34103aab3bd5a8210b296de3ca6f7113186dccc29beb197483ec1cdb84b65c08,0ccfea34e392801d45b888c0408f438ffcd3a5481d26a624b9c80e952d755d69,,proposal-ac7619b0e4bae1180f69,RKTDRAGQRKKTKGKHRNNHK,ac7619b0e4bae1180f69c0657212466785ee76ddf0129f08869374b791e73339,15.000000,1,0.047619,9.07,false,pending,seqfam80_01402bdbccebae59f456,RKTDRAGKRKKTKGKHRNNHK,41,false,false,2544.89,12.17919921875,0.047619047619047616,0.23987364691295682,0.218,0.455,low,0.31,0.31,Non-Toxin,0.9737685918807983,9.413878566882001,1.660337175494877,45.74431993732566,1.7746220827102661,1.8165318965911865,0.9670296907424927,2.0832059383392334,12,true,true,1,false,not_started,0.908387,0.993548,0.691613,2,true,at_or_above_parent_run_top_quartile_per_independent_model,autoresearch_structure_cohort_challenger_shadow,0,0.195,189.188,pbp2a,HemoPI2-Zenodo-14676712-rf-only-v27,0.09901918351245517,0.28251089202785207,False,False,no_conflict,False,apex;peptiverse
pbp2a,2,49,17,20276921,autoresearch-rule-substitution-v3,masked_substitution,aa429583e34de6bad7f764787e76253b03108e016d0af0181409a0fef3e2fcff,0ccfea34e392801d45b888c0408f438ffcd3a5481d26a624b9c80e952d755d69,,proposal-bff43a8e8aec3cee90e2,RKTDRAGRRKKTKGKHQNNHK,bff43a8e8aec3cee90e277f651590c41817a3a740d2fcc201f20d3e3bb5d3f23,36.400000,1,0.047619,9.07,false,pending,seqfam80_01402bdbccebae59f456,RKTDRAGKRKKTKGKHRNNHK,41,false,false,2544.89,12.17919921875,0.047619047619047616,0.32470627647983075,0.228,0.416,low,0.31,0.31,Non-Toxin,0.7415274381637573,5.514770428875683,1.6409210462082338,43.744257182131435,1.6413748264312744,1.8740835189819336,0.8244433403015137,2.2238402366638184,12,true,true,1,false,not_started,0.918710,0.998710,0.703226,2,true,at_or_above_parent_run_top_quartile_per_independent_model,autoresearch_structure_cohort_challenger_shadow,0,0.195,188.373,pbp2a,HemoPI2-Zenodo-14676712-rf-only-v27,0.09901918351245517,0.28251089202785207,False,False,no_conflict,False,apex;peptiverse
pbp2a,2,46,16,20275921,autoresearch-rule-substitution-v3,masked_substitution,1e8372a59007df350be05d7f38e9d52da49932f625c5d420dee29413674da845,0ccfea34e392801d45b888c0408f438ffcd3a5481d26a624b9c80e952d755d69,,proposal-7dd238becb4528405c67,RKTDRAGRRKKTKGKHRKNHK,7dd238becb4528405c67ee4ec5e8c92d90a7d939615f056927a230401872825b,36.400000,1,0.047619,11.07,false,pending,seqfam80_01402bdbccebae59f456,RKTDRAGKRKKTKGKHRNNHK,41,false,false,2587.01,12.331298828125,0.047619047619047616,0.25078070909797806,0.228,0.495,low,0.345,0.345,Non-Toxin,0.8642421960830688,7.315469367148444,1.6111829342204582,40.849141551025944,1.5075172185897827,1.8793162107467651,0.7915076017379761,2.26645565032959,12,true,true,1,false,not_started,0.934194,0.996129,0.703226,2,true,at_or_above_parent_run_top_quartile_per_independent_model,autoresearch_structure_cohort_challenger_shadow,0,0.195,185.661,pbp2a,HemoPI2-Zenodo-14676712-rf-only-v27,0.09901918351245517,0.28251089202785207,False,False,no_conflict,False,apex;peptiverse
pbp2a,2,25,9,20268921,autoresearch-rule-substitution-v3,masked_substitution,4518cfebba5838746b12d669452f7f749352271c90f7a97e45975d625a8bee1d,0ccfea34e392801d45b888c0408f438ffcd3a5481d26a624b9c80e952d755d69,,proposal-1f2e9881e5c283a12baf,RKTDRAGRRKKTKGKHRNNRK,1f2e9881e5c283a12bafa4f90d64cc58e7cdff2aeba927b568133c2841298472,31.000000,1,0.047619,11.028,false,pending,seqfam80_01402bdbccebae59f456,RKTDRAGKRKKTKGKHRNNHK,41,false,false,2591.99,12.434814453125,0.047619047619047616,0.3310664142391354,0.238,0.396,low,0.365,0.365,Non-Toxin,0.9025450944900513,7.989969003250719,1.5815762449756479,38.157177734841135,1.5092633962631226,1.904853343963623,0.6599862575531006,2.252269744873047,12,true,true,1,false,not_started,0.941935,0.994839,0.718710,2,true,at_or_above_parent_run_top_quartile_per_independent_model,autoresearch_structure_cohort_challenger_shadow,0,0.195,194.55,pbp2a,HemoPI2-Zenodo-14676712-rf-only-v27,0.09901918351245517,0.28251089202785207,False,False,no_conflict,False,apex;peptiverse
pbp2a,2,67,23,20282921,autoresearch-rule-substitution-v3,masked_substitution,2fd0e15796d8a4b62c371750428714df6ca907267cd3f8cf51a369c481949f28,0ccfea34e392801d45b888c0408f438ffcd3a5481d26a624b9c80e952d755d69,,proposal-f7a0f2273fa6750debaa,RKSDRAGRRKKTKGKHRNNHK,f7a0f2273fa6750debaaf066f500708c2e0062593dd63f00ac140ced20eac0e9,42.276190,1,0.047619,10.07,false,pending,seqfam80_01402bdbccebae59f456,RKTDRAGKRKKTKGKHRNNHK,41,false,false,2558.92,12.32421875,0.047619047619047616,0.268495679365452,0.267,0.366,low,0.38,0.38,Non-Toxin,0.9360964298248291,8.631701829661102,1.5786979704167985,37.9051282522927,1.4995146989822388,1.931236982345581,0.8454427719116211,2.0386435985565186,12,true,true,1,false,not_started,0.941935,0.993548,0.779355,3,true,at_or_above_parent_run_top_quartile_per_independent_model,autoresearch_structure_cohort_challenger_shadow,0,0.205,186.903,pbp2a,HemoPI2-Zenodo-14676712-rf-only-v27,0.10829209203764827,0.28251089202785207,False,False,no_conflict,False,apex;peptiverse
pbp2a,2,100,34,20293921,autoresearch-rule-substitution-v3,masked_substitution,a2456cb9cd187121a4c6fd508a2ecac36cfd0308dac9e3b9282b5c53992954df,0ccfea34e392801d45b888c0408f438ffcd3a5481d26a624b9c80e952d755d69,,proposal-7a13ad538ed12586bbed,RKTDRAGRRKKTKGNHRNNHK,7a13ad538ed12586bbedaba7e5be4a360e889b525f8864bc1aefe3f6ca48ef98,42.276190,1,0.047619,9.071,false,pending,seqfam80_01402bdbccebae59f456,RKTDRAGKRKKTKGKHRNNHK,41,false,false,2558.87,12.31689453125,0.047619047619047616,0.2683689828310285,0.267,0.376,low,0.315,0.315,Non-Toxin,0.9931604862213135,9.843747977089976,1.8822433352245356,76.25061225853462,1.6643606424331665,2.019733190536499,1.4286694526672363,2.4162583351135254,12,true,true,1,false,not_started,0.776774,0.992258,0.779355,3,true,at_or_above_parent_run_top_quartile_per_independent_model,autoresearch_structure_cohort_challenger_shadow,0,0.205,206.746,pbp2a,HemoPI2-Zenodo-14676712-rf-only-v27,0.10829209203764827,0.28251089202785207,False,False,no_conflict,False,apex;peptiverse
pbp2a,2,55,19,20278921,autoresearch-rule-substitution-v3,masked_substitution,3f0aa88ccc573c416f796b28b5726acf7c80c9d645c8fcfdabc217ca0cbf8305,0ccfea34e392801d45b888c0408f438ffcd3a5481d26a624b9c80e952d755d69,,proposal-54654c7a45b83292e812,RKTDRAGRRKNTKGKHRNNHK,54654c7a45b83292e812af319f10f0b5ceaa00e0a4b5dc35d1c9b8d20ebcf5c9,38.233333,1,0.047619,9.071,false,pending,seqfam80_01402bdbccebae59f456,RKTDRAGKRKKTKGKHRNNHK,41,false,false,2558.87,12.31689453125,0.047619047619047616,0.2912342372073258,0.257,0.396,low,0.305,0.305,Non-Toxin,1.0529510974884033,11.296687043360093,1.7005886173154998,50.18669739983976,1.658092975616455,1.9609369039535522,0.9393210411071777,2.2440569400787354,12,true,true,0,false,not_started,0.894194,0.990968,0.761290,3,true,at_or_above_parent_run_top_quartile_per_independent_model,autoresearch_structure_cohort_challenger_shadow,0,0.205,189.396,pbp2a,HemoPI2-Zenodo-14676712-rf-only-v27,0.10829209203764827,0.28251089202785207,False,False,no_conflict,False,apex;peptiverse
pbp2a,2,115,39,20298921,autoresearch-rule-substitution-v3,masked_substitution,37ff2565ce25a20c08593188bf3fb649bee4bd1d4691b34b3a4087057cc2efb9,0ccfea34e392801d45b888c0408f438ffcd3a5481d26a624b9c80e952d755d69,,proposal-d5148cee6ddaa804dfff,RNTDRAGRRKKTKGKHRNNHK,d5148cee6ddaa804dfffa5aeccf738c43c6cb70f29c98d43a097558aba252252,44.109524,1,0.047619,9.071,false,pending,seqfam80_01402bdbccebae59f456,RKTDRAGKRKKTKGKHRNNHK,41,false,false,2558.87,12.31689453125,0.047619047619047616,0.26107514852938096,0.257,0.337,low,0.335,0.335,Non-Toxin,1.0829614400863647,12.104906523616613,1.839184107826806,69.05324750464922,1.8426907062530518,1.8844337463378906,1.452417254447937,2.1772234439849854,12,true,true,0,false,not_started,0.809032,0.989677,0.761290,3,true,at_or_above_parent_run_top_quartile_per_independent_model,autoresearch_structure_cohort_challenger_shadow,0,0.205,201.565,pbp2a,HemoPI2-Zenodo-14676712-rf-only-v27,0.10829209203764827,0.28251089202785207,False,False,no_conflict,False,apex;peptiverse
pbp2a,2,94,32,20291921,autoresearch-rule-substitution-v3,masked_substitution,ee0d7d2365fb82eafd948759dff105d6b3d97a9ba5a8a634b1f1c0af8f0e5529,0ccfea34e392801d45b888c0408f438ffcd3a5481d26a624b9c80e952d755d69,,proposal-f3def01bbf13e4299002,RKTDRAGRRKKTKGKHRNNNK,f3def01bbf13e429900215d90fb67734798a3cc1a8aef2e50f97cb31e31a730b,42.276190,1,0.047619,10.028,false,pending,seqfam80_01402bdbccebae59f456,RKTDRAGKRKKTKGKHRNNHK,41,false,false,2549.9,12.32421875,0.047619047619047616,0.2829070000866836,0.248,0.376,low,0.35,0.35,Non-Toxin,0.9600645303726196,9.121463620814037,1.7002559633770575,50.14827091489427,1.5699211359024048,1.8953635692596436,0.838431715965271,2.4973855018615723,12,true,true,1,false,not_started,0.894194,0.993548,0.747097,2,true,at_or_above_parent_run_top_quartile_per_independent_model,autoresearch_structure_cohort_challenger_shadow,0,0.205,195.245,pbp2a,HemoPI2-Zenodo-14676712-rf-only-v27,0.10829209203764827,0.28251089202785207,False,False,no_conflict,False,apex;peptiverse
pbp2a,2,37,13,20272921,autoresearch-rule-substitution-v3,masked_substitution,b6968ff81f056ad59c4370f4baac9766af149ee52506ad3dbfd367950f7785c1,0ccfea34e392801d45b888c0408f438ffcd3a5481d26a624b9c80e952d755d69,,proposal-f12cdb06f6cf655df3eb,RKTDRAGRRKKTNGKHRNNHK,f12cdb06f6cf655df3ebf3f699eb64f1c90db4a54ea6b8fbee4e0d961be4f7bb,32.004762,1,0.047619,9.071,false,pending,seqfam80_01402bdbccebae59f456,RKTDRAGKRKKTKGKHRNNHK,41,false,false,2558.87,12.31689453125,0.047619047619047616,0.2728260457307909,0.257,0.386,low,0.295,0.295,Non-Toxin,0.9010497331619263,7.962505276962559,1.9918315853263722,98.13673056603889,2.076521396636963,2.009995222091675,1.6165591478347778,2.2642722129821777,12,true,true,1,false,not_started,0.649032,0.994839,0.761290,2,true,at_or_above_parent_run_top_quartile_per_independent_model,autoresearch_structure_cohort_challenger_shadow,0,0.205,199.921,pbp2a,HemoPI2-Zenodo-14676712-rf-only-v27,0.10829209203764827,0.28251089202785207,False,False,no_conflict,False,apex;peptiverse
pbp2a,2,79,27,20286921,autoresearch-rule-substitution-v3,masked_substitution,64c1e826d292b2b27c15f8b2d2ffe4508f0c73dbfeca2405b9fc634fe81ff0c0,0ccfea34e392801d45b888c0408f438ffcd3a5481d26a624b9c80e952d755d69,,proposal-818debfc1d20f536cfe9,RKTDRAGRRKKSKGKHRNNHK,818debfc1d20f536cfe9e1dac5e76533a5b43ecf83a8bcb771f64531e05d2a71,42.276190,1,0.047619,10.07,false,pending,seqfam80_01402bdbccebae59f456,RKTDRAGKRKKTKGKHRNNHK,41,false,false,2558.92,12.32421875,0.047619047619047616,0.28038064813075475,0.277,0.396,low,0.34,0.34,Non-Toxin,1.3460533618927002,22.184689870016822,1.6757585664215147,47.397841727973656,1.6343073844909668,2.0313124656677246,0.9123576879501343,2.1251018047332764,12,true,true,0,false,not_started,0.903226,0.956129,0.793548,3,true,at_or_above_parent_run_top_quartile_per_independent_model,autoresearch_structure_cohort_challenger_shadow,0,0.21,191.775,pbp2a,HemoPI2-Zenodo-14676712-rf-only-v27,0.11307288593554816,0.28251089202785207,False,False,no_conflict,False,apex;peptiverse
pbp2a,2,40,14,20273921,autoresearch-rule-substitution-v3,masked_substitution,d684b1970657c4d8ae5f5678a951b9e38b5089ec9df1e468b93feeb4668a2a49,0ccfea34e392801d45b888c0408f438ffcd3a5481d26a624b9c80e952d755d69,,proposal-0c96f9ad98dcbcd984ea,RKTDRAGRNKKTKGKHRNNHK,0c96f9ad98dcbcd984ea0ad74ad95017a009cbcc0c3e217e933425ef24b5e479,32.152381,1,0.047619,9.07,false,pending,seqfam80_01402bdbccebae59f456,RKTDRAGKRKKTKGKHRNNHK,41,false,false,2530.86,12.17919921875,0.047619047619047616,0.2225712264100334,0.257,0.366,low,0.33,0.33,Non-Toxin,0.9399428367614746,8.70848958467336,1.6751782683288456,47.3345517008925,1.5725817680358887,1.9968786239624023,0.9365181922912598,2.1947858333587646,12,true,true,1,false,not_started,0.903226,0.993548,0.761290,3,true,at_or_above_parent_run_top_quartile_per_independent_model,autoresearch_structure_cohort_challenger_shadow,0,0.215,183.204,pbp2a,HemoPI2-Zenodo-14676712-rf-only-v27,0.11794918301772803,0.28251089202785207,False,False,no_conflict,False,apex;peptiverse
pbp2a,2,7,3,20262921,autoresearch-rule-substitution-v3,masked_substitution,32925b3bb336e098de98c7fd28bf57297fcd5df3842f5bccb0f66967db01362a,0ccfea34e392801d45b888c0408f438ffcd3a5481d26a624b9c80e952d755d69,,proposal-6260036d53ef1a6b286d,RKTDRAGNRKKTKGKHRNNHK,6260036d53ef1a6b286db6401ce5678e97f3a093849f8b5e4cdad71e1a4543b5,10.957143,1,0.047619,9.07,false,pending,seqfam80_01402bdbccebae59f456,RKTDRAGKRKKTKGKHRNNHK,41,false,false,2530.86,12.17919921875,0.047619047619047616,0.23886886952002406,0.228,0.416,low,0.285,0.285,Non-Toxin,1.0044077634811401,10.102009288119483,1.706564094592701,50.881990740118596,1.5822420120239258,1.8054187297821045,1.2611461877822876,2.177492141723633,12,true,true,0,false,not_started,0.887742,0.992258,0.703226,2,true,at_or_above_parent_run_top_quartile_per_independent_model,autoresearch_structure_cohort_challenger_shadow,0,0.215,189.021,pbp2a,HemoPI2-Zenodo-14676712-rf-only-v27,0.11794918301772803,0.28251089202785207,False,False,no_conflict,False,apex;peptiverse
pbp2a,2,109,37,20296921,autoresearch-rule-substitution-v3,masked_substitution,cd1fc888708994b474644b660d2c09366202283f6d00b2538cf581d79a1c05b9,0ccfea34e392801d45b888c0408f438ffcd3a5481d26a624b9c80e952d755d69,,proposal-425276f3c7e1486af458,SKTDRAGRRKKTKGKHRNNHK,425276f3c7e1486af458783b172b7eeff0719829c38b9635966348a1fad34318,42.276190,1,0.047619,9.07,false,pending,seqfam80_01402bdbccebae59f456,RKTDRAGKRKKTKGKHRNNHK,41,false,false,2503.84,12.17919921875,0.047619047619047616,0.19654492074799976,0.347,0.356,low,0.325,0.325,Non-Toxin,1.1516757011413574,14.179982704771945,1.9828014625613857,96.11727784251762,1.6472667455673218,1.9805158376693726,2.0225625038146973,2.280880928039551,12,true,true,0,false,not_started,0.663226,0.985806,0.877419,2,true,at_or_above_parent_run_top_quartile_per_independent_model,autoresearch_structure_cohort_challenger_shadow,0,0.215,196.11,pbp2a,HemoPI2-Zenodo-14676712-rf-only-v27,0.11794918301772803,0.28251089202785207,False,False,no_conflict,False,apex;peptiverse
pbp2a,2,82,28,20287921,autoresearch-rule-substitution-v3,masked_substitution,7c2de2a718ba302ca888c627dd28e35fd58d8bc1550fd145e94f3e7d43e98c54,0ccfea34e392801d45b888c0408f438ffcd3a5481d26a624b9c80e952d755d69,,proposal-f72430f4186ee51513df,RKTDRAGRRKKTKGKHRNSHK,f72430f4186ee51513dfc070ac58c1a7af43ca5b14363a59cd7a4392ca5885c2,42.276190,1,0.047619,10.07,false,pending,seqfam80_01402bdbccebae59f456,RKTDRAGKRKKTKGKHRNNHK,41,false,false,2545.92,12.32421875,0.047619047619047616,0.2519644358225934,0.267,0.396,low,0.36,0.36,Non-Toxin,0.9900431632995605,9.773343506243911,1.654574092090927,45.14130313447356,1.563227891921997,1.93845534324646,0.9887806177139282,2.1278786659240723,12,true,true,1,false,not_started,0.913548,0.992258,0.779355,3,true,at_or_above_parent_run_top_quartile_per_independent_model,autoresearch_structure_cohort_challenger_shadow,0,0.225,194.964,pbp2a,HemoPI2-Zenodo-14676712-rf-only-v27,0.12798588792787716,0.28251089202785207,False,False,no_conflict,False,apex;peptiverse
pbp2a,2,28,10,20269921,autoresearch-rule-substitution-v3,masked_substitution,beae601ac2378dac4e33ddce1d65bc1dc9bf43ad7702342d8821238602833fb2,0ccfea34e392801d45b888c0408f438ffcd3a5481d26a624b9c80e952d755d69,,proposal-849dd856dac3feb96340,RKTDRAGRRKKTKGKHRNNSK,849dd856dac3feb96340b91092976784137a3cd69fcfa7cdd350d1c13bc7e7ca,31.000000,1,0.047619,10.028,false,pending,seqfam80_01402bdbccebae59f456,RKTDRAGKRKKTKGKHRNNHK,41,false,false,2522.88,12.32421875,0.047619047619047616,0.2699596366076678,0.238,0.386,low,0.38,0.38,Non-Toxin,1.3424879312515259,22.003305630969475,1.7180762983757258,52.248797345360146,1.5623297691345215,1.8615708351135254,1.1852421760559082,2.2632131576538086,12,true,true,0,false,not_started,0.882581,0.956129,0.718710,2,true,at_or_above_parent_run_top_quartile_per_independent_model,autoresearch_structure_cohort_challenger_shadow,0,0.225,202.256,pbp2a,HemoPI2-Zenodo-14676712-rf-only-v27,0.12798588792787716,0.28251089202785207,False,False,no_conflict,False,apex;peptiverse
pbp2a,2,91,31,20290921,autoresearch-rule-substitution-v3,masked_substitution,7cb5485853ea8cd07881d312b2b8acbfa4003d153c7ae8b6b75fc3153f058e2e,0ccfea34e392801d45b888c0408f438ffcd3a5481d26a624b9c80e952d755d69,,proposal-f5c3885c3cb9bda80d29,RKTDRAGRRKKTKGKNRNNHK,f5c3885c3cb9bda80d29173d55215f0d0ca7073ef8df1efe7d006c8e0519525a,42.276190,1,0.047619,10.028,false,pending,seqfam80_01402bdbccebae59f456,RKTDRAGKRKKTKGKHRNNHK,41,false,false,2549.9,12.32421875,0.047619047619047616,0.29108893550426307,0.248,0.376,low,0.29,0.29,Non-Toxin,1.1658101081848145,14.649071818663703,1.7764221812925507,59.76159517606349,1.6226023435592651,2.0433566570281982,1.1814703941345215,2.258305072784424,12,true,true,0,false,not_started,0.846452,0.984516,0.747097,2,true,at_or_above_parent_run_top_quartile_per_independent_model,autoresearch_structure_cohort_challenger_shadow,0,0.225,188.542,pbp2a,HemoPI2-Zenodo-14676712-rf-only-v27,0.12798588792787716,0.28251089202785207,False,False,no_conflict,False,apex;peptiverse
pbp2a,2,97,33,20292921,autoresearch-rule-substitution-v3,masked_substitution,81b8ad9362281ec159154bb15a52fde228a278c775a1638b7173433898a60564,0ccfea34e392801d45b888c0408f438ffcd3a5481d26a624b9c80e952d755d69,,proposal-cdb6ab3314966139d160,RKTDRAGRRKSTKGKHRNNHK,cdb6ab3314966139d160643a766a42e912ff78dc12264267a34d26844f45cbde,42.276190,1,0.047619,9.071,false,pending,seqfam80_01402bdbccebae59f456,RKTDRAGKRKKTKGKHRNNHK,41,false,false,2531.85,12.31689453125,0.047619047619047616,0.3074627934428608,0.248,0.416,low,0.28,0.28,Non-Toxin,1.5919698476791382,39.08137613214416,1.7543308813651572,56.797717247250105,1.8712996244430542,1.9681522846221924,1.1054450273513794,2.0724570751190186,12,true,true,0,false,not_started,0.860645,0.787097,0.747097,2,true,at_or_above_parent_run_top_quartile_per_independent_model,autoresearch_structure_cohort_challenger_shadow,0,0.23,191.986,pbp2a,HemoPI2-Zenodo-14676712-rf-only-v27,0.13314499635951765,0.28251089202785207,False,False,no_conflict,False,apex;peptiverse
pbp2a,2,101,34,20293922,autoresearch-rule-crossover-v3,controlled_crossover,6d2d21d8e9c1f2961d408d59ffd364416241c8e29e36587a8eb3c3154e9ac07b,5e43565cb839f1463f19c4c25e930f4028d32d1ad1233f291f2aa28b97f160c8,c07048f722caabf59c5758a7c9e846a219ab9c9864a06f726a64736b79d1e79d,proposal-8dcfb69208f3365f19f3,KHKNTKTNKNRGRKTRNKKG,8dcfb69208f3365f19f373dfbad12a7ff1485fdfe4fa863fdd516ad19f6b466d,30.940000,0,0.000000,10.028,false,pending,seqfam80_04cb3062549a0a389199,KKGSGGEHKNTNKNRGRKTRNKKG,27,false,false,2394.75,12.47412109375,0.0,0.05602075012357429,0.406,0.257,low,0.245,0.245,Non-Toxin,0.8334497213363647,6.814746752222395,1.686894239828776,48.6288769357766,1.459538459777832,1.8278942108154297,1.154870867729187,2.305331230163574,12,true,true,1,false,not_started,0.896774,0.996129,0.931613,3,true,at_or_above_parent_run_top_quartile_per_independent_model,autoresearch_structure_cohort_challenger_shadow,0,0.235,180.612,pbp2a,HemoPI2-Zenodo-14676712-rf-only-v27,0.1383970068298137,0.28251089202785207,False,False,no_conflict,False,apex;peptiverse
pbp2a,2,16,6,20265921,autoresearch-rule-substitution-v3,masked_substitution,e203388cde7ac3b560511ef7923ecbf9d8531c01402fa5ac35171fe6d76a7134,0ccfea34e392801d45b888c0408f438ffcd3a5481d26a624b9c80e952d755d69,,proposal-b9d70e268179db9065de,RKTDRAGSRKKTKGKHRNNHK,b9d70e268179db9065de8298823d05ca3adc98ececa10b7112fdeb4538c3fe79,24.171429,1,0.047619,9.07,false,pending,seqfam80_01402bdbccebae59f456,RKTDRAGKRKKTKGKHRNNHK,41,false,false,2503.84,12.17919921875,0.047619047619047616,0.23204911139932535,0.228,0.396,low,0.315,0.315,Non-Toxin,1.3076258897781372,20.30607050534004,1.7914157127280128,61.860825726765306,1.7678991556167603,1.872196912765503,1.4252580404281616,2.100334882736206,12,true,true,0,false,not_started,0.842581,0.961290,0.703226,2,true,at_or_above_parent_run_top_quartile_per_independent_model,autoresearch_structure_cohort_challenger_shadow,0,0.235,188.958,pbp2a,HemoPI2-Zenodo-14676712-rf-only-v27,0.1383970068298137,0.28251089202785207,False,False,no_conflict,False,apex;peptiverse
pbp2a,2,89,30,20289922,autoresearch-rule-crossover-v3,controlled_crossover,0784ec13f9e172daf610eca747e85f70ad7c6573648b6dc6747218a50ebd5dd6,5e43565cb839f1463f19c4c25e930f4028d32d1ad1233f291f2aa28b97f160c8,b21093b2e6efa7a62a151b1f6ff5fa912f6ea189df06988046cbeb7fe902ad31,proposal-608dc88c44e34846a08c,KHKNTKEKGKKQHTKHNGNK,608dc88c44e34846a08c0c325f73932dac18a372ba4245759d5fbe4a112b385e,28.575000,0,0.000000,7.111,false,pending,seqfam80_283cd18d59eb4ec3261f,KHKNTKEHGKKQHTKHNGNK,5,true,true,2370.68,11.15185546875,0.0,0.05295241945634597,0.376,0.426,low,0.345,0.345,Non-Toxin,1.176146388053894,15.001904208998983,1.6340028845213639,43.05294699969118,1.8526970148086548,1.817781925201416,1.1244996786117554,1.7410423755645752,12,true,true,0,false,not_started,0.921290,0.983226,0.907097,3,true,at_or_above_parent_run_top_quartile_per_independent_model,autoresearch_structure_cohort_challenger_shadow,0,0.245,185.877,pbp2a,HemoPI2-Zenodo-14676712-rf-only-v27,0.14917667068502316,0.28251089202785207,False,False,no_conflict,False,apex;peptiverse
pbp2a,2,50,17,20276922,autoresearch-rule-crossover-v3,controlled_crossover,db2531b116a07e5e68172b92afde86c98022c26750a6d5967e9c4675330b3215,5e43565cb839f1463f19c4c25e930f4028d32d1ad1233f291f2aa28b97f160c8,b21093b2e6efa7a62a151b1f6ff5fa912f6ea189df06988046cbeb7fe902ad31,proposal-283cd18d59eb4ec3261f,KHKNTKEHGKKQHTKHNGNK,283cd18d59eb4ec3261fc90ffdafb204decd9f11fded9965402110463e86af4b,23.865000,0,0.000000,6.154,false,pending,seqfam80_283cd18d59eb4ec3261f,KHKNTKEHGKKQHTKHNGNK,5,true,true,2379.65,11.073974609375,0.0,0.019999386825052104,0.406,0.446,low,0.365,0.365,Non-Toxin,1.6684236526489258,46.60404926187068,1.5382645037752736,34.535401055000655,1.453695297241211,1.7053097486495972,1.3311532735824585,1.6629083156585693,12,true,true,0,false,not_started,0.957419,0.703226,0.931613,2,true,at_or_above_parent_run_top_quartile_per_independent_model,autoresearch_structure_cohort_challenger_shadow,0,0.245,185.858,pbp2a,HemoPI2-Zenodo-14676712-rf-only-v27,0.14917667068502316,0.28251089202785207,False,False,no_conflict,False,apex;peptiverse
pbp2a,2,38,13,20272922,autoresearch-rule-crossover-v3,controlled_crossover,ba45fde5e09349517ad276059a78cbe9b1066efa58ba8810cdcc3dcc0d164d9f,f02311a56d7c755613989b52ced6005d4909b9ec1fd5072d8461cc44bf2c81f3,c07048f722caabf59c5758a7c9e846a219ab9c9864a06f726a64736b79d1e79d,proposal-d94c27b5a63b55cd53e9,KKGSGEKHKNTNKNRGRKTRNKKG,d94c27b5a63b55cd53e90caff982c31b5d620a45eaa3d222a7335e448decd3af,20.770833,0,0.000000,10.028,false,pending,seqfam80_04cb3062549a0a389199,KKGSGGEHKNTNKNRGRKTRNKKG,27,false,false,2752.11,12.0126953125,0.0,0.06977589145643139,0.277,0.406,low,0.29,0.0,Non-Toxin,0.6317003965377808,4.2825298281025885,2.08797057659135,122.45332344478474,2.113635301589966,2.629866600036621,1.2910512685775757,2.3173530101776123,12,true,true,1,false,not_started,0.598710,0.998710,0.793548,2,true,at_or_above_parent_run_top_quartile_per_independent_model,autoresearch_structure_cohort_challenger_shadow,0,0.245,176.721,pbp2a,HemoPI2-Zenodo-14676712-rf-only-v27,0.14917667068502316,0.28251089202785207,False,False,no_conflict,False,apex;peptiverse
pbp2a,2,27,9,20268923,autoresearch-rule-de-novo-v4,de_novo,fbbf6bd15e9eeb1542b1858cf423c92438ecd29f0a82e9e6d8fdbd1a7ae2a6e2,,,proposal-cca5bcf74b51dcbc3303,GTHGAKRRKNHKNKKWEKKKKGEK,cca5bcf74b51dcbc330333361d1f0f0d3963695dba0f3b1d9ef88369c0d15e85,48.691667,1,0.083333,10.069,false,pending,seqfam80_cca5bcf74b51dcbc3303,GTHGAKRRKNHKNKKWEKKKKGEK,1,true,true,2902.38,11.468994140625,0.041666666666666664,0.1469476888936431,0.317,0.465,low,0.365,0.0,Non-Toxin,1.2129814624786377,16.3298224383279,1.67455070225173,47.26620151946725,1.297262191772461,2.063178777694702,0.7837903499603271,2.554058790206909,12,true,true,0,false,not_started,0.903226,0.981935,0.845161,3,true,at_or_above_parent_run_top_quartile_per_independent_model,autoresearch_structure_cohort_challenger_shadow,0,0.25,169.234,pbp2a,HemoPI2-Zenodo-14676712-rf-only-v27,0.15470268191577455,0.28251089202785207,False,False,no_conflict,False,apex;peptiverse
pbp2a,2,35,12,20271922,autoresearch-rule-crossover-v3,controlled_crossover,ba3129e4a7cd212dec3f9e163947cca691b31a1ad51181fc235500d9f9a64a88,5e43565cb839f1463f19c4c25e930f4028d32d1ad1233f291f2aa28b97f160c8,c07048f722caabf59c5758a7c9e846a219ab9c9864a06f726a64736b79d1e79d,proposal-a4c87c6f63ce940c0526,KHKNTNTNKNRGRKTRNKKG,a4c87c6f63ce940c05265462f37f341670d5ffcc7ad9582b25b93c32334ca25f,19.180000,0,0.000000,9.028,false,pending,seqfam80_04cb3062549a0a389199,KKGSGGEHKNTNKNRGRKTRNKKG,27,false,false,2380.68,12.46484375,0.0,0.025119221706769872,0.396,0.257,low,0.23,0.23,Non-Toxin,0.7962182760238647,6.2548698299449335,1.7427732245583463,55.30612419522025,1.9028260707855225,1.9273653030395508,1.1595420837402344,1.9813816547393799,12,true,true,1,false,not_started,0.865806,0.997419,0.927742,3,true,at_or_above_parent_run_top_quartile_per_independent_model,autoresearch_structure_cohort_challenger_shadow,0,0.25,183.001,pbp2a,HemoPI2-Zenodo-14676712-rf-only-v27,0.15470268191577455,0.28251089202785207,False,False,no_conflict,False,apex;peptiverse
pbp2a,2,63,21,20280923,autoresearch-rule-de-novo-v4,de_novo,82842933d84a26c7391f43bb1b206ed80b339dd7360b4653afcf51c10d73cbcf,,,proposal-8f856388effabef0ddea,KTHNSNRKKKTGTTHRKKKR,8f856388effabef0ddea27d09774f8aa4d493c5495a7510f1eb86548a8f7d564,29.150000,0,0.000000,10.069,false,pending,seqfam80_8f856388effabef0ddea,KTHNSNRKKKTGTTHRKKKR,1,true,true,2434.81,12.47412109375,0.0,0.09509613596537465,0.396,0.307,low,0.28,0.28,Non-Toxin,1.2146135568618774,16.39130595843202,1.657111424104086,45.40580964331633,1.3936326503753662,1.7677736282348633,1.252153754234314,2.2149364948272705,12,true,true,0,false,not_started,0.912258,0.981935,0.927742,3,true,at_or_above_parent_run_top_quartile_per_independent_model,autoresearch_structure_cohort_challenger_shadow,0,0.25,210.726,pbp2a,HemoPI2-Zenodo-14676712-rf-only-v27,0.15470268191577455,0.28251089202785207,False,False,no_conflict,False,apex;peptiverse
pbp2a,2,114,38,20297923,autoresearch-rule-de-novo-v4,de_novo,aa346d7a4800ae047ceec88e25edba051e22ee57ea7e5d2a6c334ebb0777b565,,,proposal-18050f91a68a4a59bc4f,TGDARGRRKHKNKKKAGAKHRHWG,18050f91a68a4a59bc4f4617fc8aa623d4a55277c42aa67521097c8e97f46ffa,45.075000,1,0.166667,9.112,false,pending,seqfam80_18050f91a68a4a59bc4f,TGDARGRRKHKNKKKAGAKHRHWG,1,true,true,2781.16,12.17919921875,0.125,0.18387268017643452,0.366,0.386,low,0.495,0.0,Non-Toxin,1.1344431638717651,13.628346403378677,1.6848614746431219,48.40179574836289,1.114713191986084,2.4704132080078125,0.5470846891403198,2.607330560684204,12,true,true,0,false,not_started,0.896774,0.987097,0.903226,3,true,at_or_above_parent_run_top_quartile_per_independent_model,autoresearch_structure_cohort_challenger_shadow,0,0.25,192.245,pbp2a,HemoPI2-Zenodo-14676712-rf-only-v27,0.15470268191577455,0.28251089202785207,False,False,no_conflict,False,apex;peptiverse
pbp2a,2,14,5,20264922,autoresearch-rule-crossover-v3,controlled_crossover,7fe09b3d56751fbd0bd0c04a5f6205705576677fb5c5f1ef4b9c1b1179f948c8,f02311a56d7c755613989b52ced6005d4909b9ec1fd5072d8461cc44bf2c81f3,c07048f722caabf59c5758a7c9e846a219ab9c9864a06f726a64736b79d1e79d,proposal-809c95c519a4d0115486,KKGSGGENQNTNKNRGRKTRNKKG,809c95c519a4d01154862cefa4c069105d764a3962f5f7b22a73d120d4159ab1,12.904167,0,0.000000,7.987,false,pending,seqfam80_04cb3062549a0a389199,KKGSGGEHKNTNKNRGRKTRNKKG,27,false,false,2657.91,11.97509765625,0.0,0.05549269368615762,0.277,0.376,low,0.275,0.0,Non-Toxin,1.1168113946914673,13.086134952098075,2.0239534720945227,105.6704293703591,2.5013725757598877,2.6894240379333496,1.5101243257522583,1.3948335647583008,12,true,true,0,false,not_started,0.624516,0.988387,0.793548,2,true,at_or_above_parent_run_top_quartile_per_independent_model,autoresearch_structure_cohort_challenger_shadow,0,0.25,187.503,pbp2a,HemoPI2-Zenodo-14676712-rf-only-v27,0.15470268191577455,0.28251089202785207,False,False,no_conflict,False,apex;peptiverse
pbp2a,2,52,18,20277921,autoresearch-rule-substitution-v3,masked_substitution,b1a4aa750f16d526b29c9d8cf48f6d674b9e69b84395d535fe9d1145d889f105,0ccfea34e392801d45b888c0408f438ffcd3a5481d26a624b9c80e952d755d69,,proposal-ab0134aef606b519467c,RKTDRAGRRKKTKGKHSNNHK,ab0134aef606b519467c0c5f89bf3c02eef19fc718d64b8e805bf60192a56bb3,36.400000,1,0.047619,9.07,false,pending,seqfam80_01402bdbccebae59f456,RKTDRAGKRKKTKGKHRNNHK,41,false,false,2503.84,12.17919921875,0.047619047619047616,0.34812322662565115,0.238,0.396,low,0.26,0.26,Non-Toxin,1.4761966466903687,29.936198280714084,1.6850672101791941,48.424730252127354,1.5412310361862183,1.932349681854248,1.029119849205017,2.237621545791626,12,true,true,0,false,not_started,0.896774,0.899355,0.718710,2,true,at_or_above_parent_run_top_quartile_per_independent_model,autoresearch_structure_cohort_challenger_shadow,0,0.25,190.571,pbp2a,HemoPI2-Zenodo-14676712-rf-only-v27,0.15470268191577455,0.28251089202785207,False,False,no_conflict,False,apex;peptiverse
pbp2a,2,69,23,20282923,autoresearch-rule-de-novo-v4,de_novo,90f5b5431d47f1bcbb16e8b1c053c7c47d39aa316381c264c3c1d76c322f524f,,,proposal-29cc5be7022bd4b0a51b,GRKTKGKYGRKSGTKKQKRT,29cc5be7022bd4b0a51b0543e59b75972adf3ff3327c5300db1b22e944574f6f,20.640000,1,0.050000,9.984,false,pending,seqfam80_29cc5be7022bd4b0a51b,GRKTKGKYGRKSGTKKQKRT,1,true,true,2293.68,12.0,0.0,0.09154707352023043,0.465,0.495,low,0.205,0.205,Non-Toxin,1.606890320777893,40.44737306794536,1.544532501136042,35.03745081683598,1.3391711711883545,1.8845031261444092,0.971622109413147,1.9828763008117676,12,true,true,0,false,not_started,0.954839,0.770323,0.953548,3,true,at_or_above_parent_run_top_quartile_per_independent_model,autoresearch_structure_cohort_challenger_shadow,0,0.26,202.638,pbp2a,HemoPI2-Zenodo-14676712-rf-only-v27,0.16602261728690276,0.28251089202785207,False,False,no_conflict,False,apex;peptiverse
pbp2a,2,62,21,20280922,autoresearch-rule-crossover-v3,controlled_crossover,6a79e5702eeee37d8cf55c63b1b4e0ecc596d9b1265f79da295561403b793109,f02311a56d7c755613989b52ced6005d4909b9ec1fd5072d8461cc44bf2c81f3,c07048f722caabf59c5758a7c9e846a219ab9c9864a06f726a64736b79d1e79d,proposal-31de168fed1f04a9ec0f,KKGSGGKHKNTNKNRGRKTRNKKG,31de168fed1f04a9ec0f8f435e8bc5baaeb2ff50bba47326ffb38f431ba32e09,25.516667,0,0.000000,11.027,false,pending,seqfam80_04cb3062549a0a389199,KKGSGGEHKNTNKNRGRKTRNKKG,27,false,false,2680.05,12.4833984375,0.0,0.04036315685261171,0.406,0.297,low,0.3,0.0,Non-Toxin,0.9810746908187866,9.573587055696516,1.8964763015422643,78.79094358603125,1.6894099712371826,2.1309986114501953,1.2062422037124634,2.5593175888061523,12,true,true,1,false,not_started,0.766452,0.993548,0.931613,3,true,at_or_above_parent_run_top_quartile_per_independent_model,autoresearch_structure_cohort_challenger_shadow,0,0.26,180.385,pbp2a,HemoPI2-Zenodo-14676712-rf-only-v27,0.16602261728690276,0.28251089202785207,False,False,no_conflict,False,apex;peptiverse
pbp2a,2,44,15,20274922,autoresearch-rule-crossover-v3,controlled_crossover,cca8b28607ddcd49890b8991c49bcec2e5e1e2ff4cbe8478c272fcf3f3dcd719,f02311a56d7c755613989b52ced6005d4909b9ec1fd5072d8461cc44bf2c81f3,c07048f722caabf59c5758a7c9e846a219ab9c9864a06f726a64736b79d1e79d,proposal-04cb3062549a0a389199,KKGSGGEHKNTNKNRGRKTRNKKG,04cb3062549a0a389199c38f60e060ae5ce4235bbafcd3b924f3ddf99da7dd70,22.770833,0,0.000000,9.028,false,pending,seqfam80_04cb3062549a0a389199,KKGSGGEHKNTNKNRGRKTRNKKG,27,false,false,2680.99,11.99462890625,0.0,0.0720280554361315,0.287,0.337,low,0.26,0.0,Non-Toxin,0.9859428405761719,9.681504253021753,2.080818333633263,120.45319765169427,2.3924460411071777,2.4317286014556885,1.2078580856323242,2.29126238822937,12,true,true,1,false,not_started,0.600000,0.993548,0.806452,2,true,at_or_above_parent_run_top_quartile_per_independent_model,autoresearch_structure_cohort_challenger_shadow,0,0.26,186.702,pbp2a,HemoPI2-Zenodo-14676712-rf-only-v27,0.16602261728690276,0.28251089202785207,False,False,no_conflict,False,apex;peptiverse
pbp2a,2,110,37,20296922,autoresearch-rule-crossover-v3,controlled_crossover,e957457711bf560c30798ad22e2198e5fc91e3f933ce9ca0deb0eff4b48597b1,f02311a56d7c755613989b52ced6005d4909b9ec1fd5072d8461cc44bf2c81f3,c07048f722caabf59c5758a7c9e846a219ab9c9864a06f726a64736b79d1e79d,proposal-89d6c56b5214ac48b4f7,KKGSGGENQHHNKNRGRKTRNKKG,89d6c56b5214ac48b4f7b97a36a0797900e767bc4da27846665b7a58e98aa257,32.570833,0,0.000000,8.071,false,pending,seqfam80_04cb3062549a0a389199,KKGSGGEHKNTNKNRGRKTRNKKG,27,false,false,2716.99,11.97509765625,0.0,0.0669018964218117,0.287,0.297,low,0.375,0.0,Non-Toxin,1.3399107456207275,21.87312050561003,2.070065691095692,117.50752826066802,2.2507030963897705,2.5194878578186035,1.3764725923538208,2.13360595703125,12,true,true,0,false,not_started,0.607742,0.957419,0.806452,2,true,at_or_above_parent_run_top_quartile_per_independent_model,autoresearch_structure_cohort_challenger_shadow,0,0.26,179.765,pbp2a,HemoPI2-Zenodo-14676712-rf-only-v27,0.16602261728690276,0.28251089202785207,False,False,no_conflict,False,apex;peptiverse
pbp2a,2,77,26,20285922,autoresearch-rule-crossover-v3,controlled_crossover,9807724b1a3e058d85372a88fa36fda64f7a1f119a926a0f69bd32e4e831e620,5e43565cb839f1463f19c4c25e930f4028d32d1ad1233f291f2aa28b97f160c8,b21093b2e6efa7a62a151b1f6ff5fa912f6ea189df06988046cbeb7fe902ad31,proposal-befea73753646c4d4599,KHKNTKEHRNNHHTKHNGNK,befea73753646c4d45990ea598777e2d04cc6207c05305356bf15a4b08de7742,27.645000,0,0.000000,5.197,false,pending,seqfam80_283cd18d59eb4ec3261f,KHKNTKEHGKKQHTKHNGNK,5,true,true,2459.65,11.21875,0.0,0.16000181442291023,0.366,0.337,low,0.355,0.355,Non-Toxin,1.578525185585022,37.89005062915279,1.455517959392433,28.544205502826184,1.4808452129364014,1.5694646835327148,1.18868088722229,1.5830905437469482,12,true,true,0,false,not_started,0.983226,0.796129,0.903226,3,true,at_or_above_parent_run_top_quartile_per_independent_model,autoresearch_structure_cohort_challenger_shadow,0,0.265,182.412,pbp2a,HemoPI2-Zenodo-14676712-rf-only-v27,0.17181462402158107,0.28251089202785207,False,False,no_conflict,False,apex;peptiverse
pbp2a,2,39,13,20272923,autoresearch-rule-de-novo-v4,de_novo,55928963846dc9e7a1e826906b1fdd161328748579e620fae57a78b9f30b0ccb,,,proposal-d44ba7c0a49d174831f3,HKKKHQKGTKNKKLYKETFNGKS,d44ba7c0a49d174831f3d1f3c2e599122b35247dd300ac8a2738fee10aaa8105,14.221739,2,0.130435,8.067,false,pending,seqfam80_d44ba7c0a49d174831f3,HKKKHQKGTKNKKLYKETFNGKS,1,true,true,2758.2,11.000732421875,0.08695652173913043,0.1428796463946238,0.337,0.465,low,0.39,0.0,Non-Toxin,1.4713913202285767,29.60678979285726,2.0195956353521636,104.61540371493024,1.6366958618164062,2.3822455406188965,1.4094619750976562,2.650038719177246,12,true,true,0,false,not_started,0.627097,0.900645,0.867097,2,true,at_or_above_parent_run_top_quartile_per_independent_model,autoresearch_structure_cohort_challenger_shadow,0,0.265,185.925,pbp2a,HemoPI2-Zenodo-14676712-rf-only-v27,0.17181462402158107,0.28251089202785207,False,False,no_conflict,False,apex;peptiverse
pbp2a,2,43,15,20274921,autoresearch-rule-substitution-v3,masked_substitution,f37d830659315236b8b78ff55f06f18627aa0365de1d53a150f85b0e0c2cfb88,0ccfea34e392801d45b888c0408f438ffcd3a5481d26a624b9c80e952d755d69,,proposal-ab9605b008a03182d932,RKTDRAGRSKKTKGKHRNNHK,ab9605b008a03182d932ebc645f2fbd52c16284001f1f965ce5c89fca566179e,35.923810,1,0.047619,9.07,false,pending,seqfam80_01402bdbccebae59f456,RKTDRAGKRKKTKGKHRNNHK,41,false,false,2503.84,12.17919921875,0.047619047619047616,0.2090526575673093,0.248,0.376,low,0.31,0.31,Non-Toxin,1.209883689880371,16.21375812150877,1.7918685271327486,61.925358163200045,1.561835527420044,2.005059242248535,1.2586771249771118,2.3419535160064697,12,true,true,0,false,not_started,0.842581,0.981935,0.747097,2,true,at_or_above_parent_run_top_quartile_per_independent_model,autoresearch_structure_cohort_challenger_shadow,0,0.265,186.455,pbp2a,HemoPI2-Zenodo-14676712-rf-only-v27,0.17181462402158107,0.28251089202785207,False,False,no_conflict,False,apex;peptiverse
pbp2a,2,12,4,20263923,autoresearch-rule-de-novo-v4,de_novo,ead8ab5b6aff0bac3548713be374f4e380657a96797547e9783f8bd0c5574ad1,,,proposal-318e7344efe6dce7d0ea,HKKGKKKRNGYKYRKRDNDNYKKKVK,318e7344efe6dce7d0ea17db3b37838b33deb401ec0f1bf3c189b3a9af9315e9,22.092308,1,0.153846,12.02,false,pending,seqfam80_318e7344efe6dce7d0ea,HKKGKKKRNGYKYRKRDNDNYKKKVK,1,true,true,3308.86,11.0997314453125,0.038461538461538464,0.24869594281455992,0.307,0.495,low,0.345,0.0,Non-Toxin,1.4070969820022583,25.53271408287222,1.765980211528795,58.34185204139498,1.2475404739379883,2.9684677124023438,0.4777999222278595,2.3701815605163574,12,true,true,0,false,not_started,0.852903,0.929032,0.830968,3,true,at_or_above_parent_run_top_quartile_per_independent_model,autoresearch_structure_cohort_challenger_shadow,0,0.27,147.841,pbp2a,HemoPI2-Zenodo-14676712-rf-only-v27,0.1776932998103495,0.28251089202785207,False,False,no_conflict,False,apex;peptiverse
pbp2a,2,8,3,20262922,autoresearch-rule-crossover-v3,controlled_crossover,ffe3a7309b68c3cbf1f305c8b04e4285628bad427383ae7907b0c6a4b7df5487,f02311a56d7c755613989b52ced6005d4909b9ec1fd5072d8461cc44bf2c81f3,c07048f722caabf59c5758a7c9e846a219ab9c9864a06f726a64736b79d1e79d,proposal-6f7b38b03b2a39cc2bc2,KKGSGGENQHHEKNRGRKTRNKKG,6f7b38b03b2a39cc2bc20da8015ddd38084219ed482bd8ab14d1ba69667193a5,12.837500,0,0.000000,7.071,false,pending,seqfam80_04cb3062549a0a389199,KKGSGGEHKNTNKNRGRKTRNKKG,27,false,false,2732.0,11.567626953125,0.0,0.06524614374631559,0.297,0.257,low,0.27,0.0,Non-Toxin,1.2687312364578247,18.566551067591178,2.4350257072896193,272.2862478310542,3.202242136001587,2.7842373847961426,1.3239493370056152,2.429676055908203,12,true,true,0,false,not_started,0.469677,0.970323,0.819355,2,true,at_or_above_parent_run_top_quartile_per_independent_model,autoresearch_structure_cohort_challenger_shadow,0,0.27,175.996,pbp2a,HemoPI2-Zenodo-14676712-rf-only-v27,0.1776932998103495,0.28251089202785207,False,False,no_conflict,False,apex;peptiverse
pbp2a,2,32,11,20270922,autoresearch-rule-crossover-v3,controlled_crossover,a01fe935f5452613303bccb5ba9a779ea486ef929c0773709a6d8596ee7803ec,f02311a56d7c755613989b52ced6005d4909b9ec1fd5072d8461cc44bf2c81f3,c07048f722caabf59c5758a7c9e846a219ab9c9864a06f726a64736b79d1e79d,proposal-455112d07d8a68985243,KKGSGGENQHHERNRGRKTRNKKG,455112d07d8a68985243b6764515f32000cb8670e1b3b07456f563b7f90e684d,17.979167,0,0.000000,7.072,false,pending,seqfam80_04cb3062549a0a389199,KKGSGGEHKNTNKNRGRKTRNKKG,27,false,false,2760.01,11.8046875,0.0,0.06660225941795943,0.297,0.257,low,0.275,0.0,Non-Toxin,1.408380150794983,25.60826473230575,2.3619140038803876,230.09861462442768,2.885061264038086,2.847592353820801,1.3624645471572876,2.352539539337158,12,true,true,0,false,not_started,0.494194,0.927742,0.819355,2,true,at_or_above_parent_run_top_quartile_per_independent_model,autoresearch_structure_cohort_challenger_shadow,0,0.27,176.812,pbp2a,HemoPI2-Zenodo-14676712-rf-only-v27,0.1776932998103495,0.28251089202785207,False,False,no_conflict,False,apex;peptiverse
pbp2a,2,3,1,20260923,autoresearch-rule-de-novo-v4,de_novo,e9e802d7607166da911bb77b6c309f634415ecb08043c9616f17f92f0726a757,,,proposal-56f537e5c0bb09574a1f,NKTIGGKQGKKKVRRTKTKVYRKKK,56f537e5c0bb09574a1ffd94c4383b68bd778fc9cb1ed8f1d2bb5f6b5742ec95,33.012000,2,0.160000,12.982,false,pending,seqfam80_56f537e5c0bb09574a1f,NKTIGGKQGKKKVRRTKTKVYRKKK,1,true,true,2959.6,12.0498046875,0.12,0.29264728102685944,0.188,0.446,low,0.325,0.325,Non-Toxin,1.4122188091278076,25.835615298966278,1.772388371244403,59.20908794090217,1.5925099849700928,1.8403935432434082,0.8164175748825073,2.8403360843658447,12,true,true,0,false,not_started,0.849032,0.925161,0.629677,2,true,at_or_above_parent_run_top_quartile_per_independent_model,autoresearch_structure_cohort_challenger_shadow,0,0.27,158.48,pbp2a,HemoPI2-Zenodo-14676712-rf-only-v27,0.1776932998103495,0.28251089202785207,False,False,no_conflict,False,apex;peptiverse
pbp2a,2,74,25,20284922,autoresearch-rule-crossover-v3,controlled_crossover,0112d91dc00ade57b71c769646ab03451f92d4690c688c311a99c4a4e3ce6518,57960f6812444c70f3aabdfa2aa3cc08a83b099134719d1167204c83e237dbad,c07048f722caabf59c5758a7c9e846a219ab9c9864a06f726a64736b79d1e79d,proposal-f56e41e86444cdfba4d1,KKSTDEKHKNTNKNRGRKTRNKKG,f56e41e86444cdfba4d10f1e727e0772ab6967c76b5aeaaa974ac24ff4d555ea,27.450000,0,0.000000,9.028,false,pending,seqfam80_04cb3062549a0a389199,KKGSGGEHKNTNKNRGRKTRNKKG,27,false,false,2854.2,11.642578125,0.0,0.09962640556981427,0.277,0.297,low,0.215,0.215,Non-Toxin,1.410305142402649,25.722024194775067,2.3549618095010865,226.4445170608948,2.1479249000549316,3.0862579345703125,1.818097710609436,2.367567539215088,12,true,true,0,false,not_started,0.495484,0.925161,0.793548,2,true,at_or_above_parent_run_top_quartile_per_independent_model,autoresearch_structure_cohort_challenger_shadow,0,0.275,170.941,pbp2a,HemoPI2-Zenodo-14676712-rf-only-v27,0.18365756714014775,0.28251089202785207,False,False,no_conflict,False,apex;peptiverse
pbp2a,2,41,14,20273922,autoresearch-rule-crossover-v3,controlled_crossover,e218d6cfe2e923874350adcc265de6b20d0f800abeffe371ab635adb0d4dae87,c07048f722caabf59c5758a7c9e846a219ab9c9864a06f726a64736b79d1e79d,25926a4795784094ebb33009516b05d943a03a15ad8ed9ca45abdef433453119,proposal-6fc7766703e6dba61e84,EEKHKNTNKNRGRKTKTNTK,6fc7766703e6dba61e8453ee85875de1d766c068da19d2257b1704fd81c0250b,21.715000,0,0.000000,6.029,false,pending,seqfam80_26f2246ce7fbae19b284,EEKHKNTNKNRGRKTKKGQR,3,true,true,2412.67,11.25537109375,0.0,0.17994983027404982,0.287,0.277,low,0.19,0.19,Non-Toxin,0.8652414083480835,7.3323199661205285,2.1603421837501835,144.6579091932442,2.795625686645508,2.1695971488952637,1.1272752285003662,2.5489087104797363,12,true,true,1,false,not_started,0.579355,0.996129,0.806452,2,true,at_or_above_parent_run_top_quartile_per_independent_model,autoresearch_structure_cohort_challenger_shadow,0,0.28,178.671,pbp2a,HemoPI2-Zenodo-14676712-rf-only-v27,0.18970630018966653,0.28251089202785207,False,False,no_conflict,False,apex;peptiverse
pbp2a,2,105,35,20294923,autoresearch-rule-de-novo-v4,de_novo,819d0fc90c85999b4b451c1b8fad137d7f4949d910a910eab49cd0d1b87899eb,,,proposal-36e44d179ef3bc9b46ca,TQKDKKEKRKTRKHWNKGKKTKRN,36e44d179ef3bc9b46ca2a33f485e7ce3d69b27a8169c93f05cdee47662046e4,41.945833,1,0.041667,11.027,false,pending,seqfam80_36e44d179ef3bc9b46ca,TQKDKKEKRKTRKHWNKGKKTKRN,1,true,true,3052.55,11.701171875,0.0,0.38671866535324334,0.317,0.416,low,0.355,0.355,Non-Toxin,0.9291398525238037,8.494539741510675,2.256547022352432,180.5290190676801,2.0414233207702637,2.6795125007629395,0.7582839727401733,3.547098159790039,12,true,true,1,false,not_started,0.538065,0.994839,0.845161,2,true,at_or_above_parent_run_top_quartile_per_independent_model,autoresearch_structure_cohort_challenger_shadow,0,0.28,167.421,pbp2a,HemoPI2-Zenodo-14676712-rf-only-v27,0.18970630018966653,0.28251089202785207,False,False,no_conflict,False,apex;peptiverse
pbp2a,2,68,23,20282922,autoresearch-rule-crossover-v3,controlled_crossover,86e77cdf2c4e22f996be0aaff6e320edae35d54f95a9a50c51af569ead34abd5,f02311a56d7c755613989b52ced6005d4909b9ec1fd5072d8461cc44bf2c81f3,c07048f722caabf59c5758a7c9e846a219ab9c9864a06f726a64736b79d1e79d,proposal-c1cdf62b023f0400ade1,KKGSGGENKNTNKNRGRKTRNKKG,c1cdf62b023f0400ade1bf41867cce68b7fecd5848bbd4625ebb4bca86fe84af,25.912500,0,0.000000,8.986,false,pending,seqfam80_04cb3062549a0a389199,KKGSGGEHKNTNKNRGRKTRNKKG,27,false,false,2657.96,11.99462890625,0.0,0.07650204952667862,0.257,0.356,low,0.265,0.0,Non-Toxin,1.080056071281433,12.024196676729643,2.054662368069149,113.41287713757802,2.428654670715332,2.404506206512451,1.3170851469039917,2.0684053897857666,12,true,true,0,false,not_started,0.610323,0.989677,0.761290,2,true,at_or_above_parent_run_top_quartile_per_independent_model,autoresearch_structure_cohort_challenger_shadow,0,0.285,179.98,pbp2a,HemoPI2-Zenodo-14676712-rf-only-v27,0.19583832451978658,0.28251089202785207,False,False,no_conflict,False,apex;peptiverse
pbp2a,2,20,7,20266922,autoresearch-rule-crossover-v3,controlled_crossover,c9cc12071f6379bc5ba683f7cfbc306b6ccd76a095e5c29b1aa8e29c94c85100,f02311a56d7c755613989b52ced6005d4909b9ec1fd5072d8461cc44bf2c81f3,c07048f722caabf59c5758a7c9e846a219ab9c9864a06f726a64736b79d1e79d,proposal-d0265b27aaa05247ca11,KKGSGGENQHTNKNRGRKTRNKKG,d0265b27aaa05247ca1115ea86e0a221e4e1c4064c0c7aab75eddb23b2b494d8,13.300000,0,0.000000,8.029,false,pending,seqfam80_04cb3062549a0a389199,KKGSGGEHKNTNKNRGRKTRNKKG,27,false,false,2680.95,11.97509765625,0.0,0.06934256640951589,0.277,0.337,low,0.27,0.0,Non-Toxin,1.2411803007125854,17.4253014811075,2.1516398218049897,141.78811270699157,2.592026710510254,2.6158955097198486,1.493233561515808,1.9053802490234375,12,true,true,0,false,not_started,0.579355,0.974194,0.793548,2,true,at_or_above_parent_run_top_quartile_per_independent_model,autoresearch_structure_cohort_challenger_shadow,0,0.285,180.367,pbp2a,HemoPI2-Zenodo-14676712-rf-only-v27,0.19583832451978658,0.28251089202785207,False,False,no_conflict,False,apex;peptiverse
pbp2a,2,53,18,20277922,autoresearch-rule-crossover-v3,controlled_crossover,17cc6be02d20609c1a3abae82f60abbbce83e519096242c030ba11d3eb82a1b3,5e43565cb839f1463f19c4c25e930f4028d32d1ad1233f291f2aa28b97f160c8,b21093b2e6efa7a62a151b1f6ff5fa912f6ea189df06988046cbeb7fe902ad31,proposal-9731435b155cc5836a57,KHKNTKEHRNNQHTKHNGNK,9731435b155cc5836a57ae168aa3999229c59ef70e517c67c77fbf54a3f7c564,23.875000,0,0.000000,5.155,false,pending,seqfam80_283cd18d59eb4ec3261f,KHKNTKEHGKKQHTKHNGNK,5,true,true,2450.64,11.21875,0.0,0.17175815501905284,0.317,0.307,low,0.35,0.35,Non-Toxin,1.5424834489822388,34.87252939168147,1.6222017076239539,41.89881185336366,1.9495614767074585,1.8020246028900146,1.243027687072754,1.4941790103912354,12,true,true,0,false,not_started,0.927742,0.834839,0.845161,3,true,at_or_above_parent_run_top_quartile_per_independent_model,autoresearch_structure_cohort_challenger_shadow,0,0.3,179.354,pbp2a,HemoPI2-Zenodo-14676712-rf-only-v27,0.2147216673120842,0.28251089202785207,False,False,no_conflict,False,apex;peptiverse
pbp2a,2,56,19,20278922,autoresearch-rule-crossover-v3,controlled_crossover,7ac1595b3ce95771d0b8ded7e36b86a1e8b1b7d051468bba71b02c8249f91632,57960f6812444c70f3aabdfa2aa3cc08a83b099134719d1167204c83e237dbad,c07048f722caabf59c5758a7c9e846a219ab9c9864a06f726a64736b79d1e79d,proposal-de35eea4422450561ead,KKSTDGKHKNTNKNRGRKTRNKKG,de35eea4422450561eadc2f7a5b6d46946ba8ebbad529b7fafe3e95a77462815,23.912500,0,0.000000,10.027,false,pending,seqfam80_04cb3062549a0a389199,KKGSGGEHKNTNKNRGRKTRNKKG,27,false,false,2782.14,12.0126953125,0.0,0.07606344866089748,0.277,0.337,low,0.205,0.205,Non-Toxin,1.3410308361053467,21.929606360728442,2.1697970879374076,147.84174771762457,1.7373991012573242,2.829745292663574,1.4949007034301758,2.617187023162842,12,true,true,0,false,not_started,0.576774,0.956129,0.793548,2,true,at_or_above_parent_run_top_quartile_per_independent_model,autoresearch_structure_cohort_challenger_shadow,0,0.3,168.657,pbp2a,HemoPI2-Zenodo-14676712-rf-only-v27,0.2147216673120842,0.28251089202785207,False,False,no_conflict,False,apex;peptiverse
pbp2a,2,51,17,20276923,autoresearch-rule-de-novo-v4,de_novo,f4b82ff2cae1a3dd5dfb7df0b846fbd24da377a6a597f3054e760924db5182e9,,,proposal-2c374d807800bf52177c,NRGRKHSGNKDRYRNRNDKG,2c374d807800bf52177cb5b60c0d181c172c4f8bc9feba74773ed72c175d0c0f,0.705000,1,0.050000,6.028,false,pending,seqfam80_2c374d807800bf52177c,NRGRKHSGNKDRYRNRNDKG,1,true,true,2428.6,11.652587890625,0.0,0.22017103331381188,0.376,0.277,low,0.3,0.3,Non-Toxin,1.8298527002334595,67.58537070451692,1.7006033088450527,50.1883951690956,1.708051085472107,1.9522602558135986,0.9549994468688965,2.187150239944458,12,true,true,0,false,not_started,0.894194,0.433548,0.907097,2,true,at_or_above_parent_run_top_quartile_per_independent_model,autoresearch_structure_cohort_challenger_shadow,0,0.3,173.313,pbp2a,HemoPI2-Zenodo-14676712-rf-only-v27,0.2147216673120842,0.28251089202785207,False,False,no_conflict,False,apex;peptiverse
pbp2a,2,98,33,20292922,autoresearch-rule-crossover-v3,controlled_crossover,2d0f1200acdb0c95d4f5d75c0eb103edb0f9ef5a8fd9a9df3b857b8e9ac296ef,c07048f722caabf59c5758a7c9e846a219ab9c9864a06f726a64736b79d1e79d,f02311a56d7c755613989b52ced6005d4909b9ec1fd5072d8461cc44bf2c81f3,proposal-26f2246ce7fbae19b284,EEKHKNTNKNRGRKTKKGQR,26f2246ce7fbae19b2847d95db1dbd6f335e7e1d00009801a50d764e9744e440,29.230000,0,0.000000,7.029,false,pending,seqfam80_26f2246ce7fbae19b284,EEKHKNTNKNRGRKTKKGQR,3,true,true,2437.73,11.567626953125,0.0,0.3133724293583936,0.386,0.347,low,0.195,0.195,Non-Toxin,0.7208987474441528,5.258946436388958,1.9241959305730858,83.98387916621301,2.2497901916503906,1.9319322109222412,1.0916205644607544,2.4234883785247803,12,true,true,1,false,not_started,0.734194,0.998710,0.920000,2,true,at_or_above_parent_run_top_quartile_per_independent_model,autoresearch_structure_cohort_challenger_shadow,0,0.305,182.448,pbp2a,HemoPI2-Zenodo-14676712-rf-only-v27,0.22117413373990175,0.28251089202785207,False,False,no_conflict,False,apex;peptiverse
pbp2a,2,29,10,20269922,autoresearch-rule-crossover-v3,controlled_crossover,b6baa92316c1fc2e3964c0fd9dce91443e2c0a6b1f5e0ab2ed3a080b3b3ff33b,b21093b2e6efa7a62a151b1f6ff5fa912f6ea189df06988046cbeb7fe902ad31,c07048f722caabf59c5758a7c9e846a219ab9c9864a06f726a64736b79d1e79d,proposal-6ca8f8ec8be7f7d91105,QGKTGEKHKNTNKNRGRKTRNKKG,6ca8f8ec8be7f7d9110534584c2e414bc54e2f7314a27b50788f11d6ec6c67db,17.233333,0,0.000000,9.028,false,pending,seqfam80_04cb3062549a0a389199,KKGSGGEHKNTNKNRGRKTRNKKG,27,false,false,2766.1,11.99462890625,0.0,0.11738543685596396,0.347,0.396,low,0.28,0.28,Non-Toxin,0.7247480154037476,5.305765059395662,2.0236362962717536,105.59328385979099,1.614747166633606,2.644822597503662,1.2502539157867432,2.584777355194092,12,true,true,1,false,not_started,0.624516,0.998710,0.877419,2,true,at_or_above_parent_run_top_quartile_per_independent_model,autoresearch_structure_cohort_challenger_shadow,0,0.305,175.422,pbp2a,HemoPI2-Zenodo-14676712-rf-only-v27,0.22117413373990175,0.28251089202785207,False,False,no_conflict,False,apex;peptiverse
pbp2a,2,108,36,20295923,autoresearch-rule-de-novo-v4,de_novo,183b96e97542b4c8f8de2304dcfd2947940ee2920681b85972f18c6269f867b8,,,proposal-130e4d5ca2984fe6c90e,RHRTTRWTKHSWGQAQKDKRKHVNT,130e4d5ca2984fe6c90efcc5d1f1a950e59c654504efde18c89c227453778940,36.304000,1,0.160000,7.113,false,pending,seqfam80_130e4d5ca2984fe6c90e,RHRTTRWTKHSWGQAQKDKRKHVNT,1,true,true,3143.49,12.15576171875,0.08,0.28248583569972163,0.267,0.337,low,0.28,0.28,Non-Toxin,1.516360878944397,32.836803866993506,2.147544194035169,140.45726063539178,1.7625081539154053,3.0587425231933594,1.1614130735397339,2.607562303543091,12,true,true,0,false,not_started,0.583226,0.859355,0.779355,2,true,at_or_above_parent_run_top_quartile_per_independent_model,autoresearch_structure_cohort_challenger_shadow,0,0.305,169.18,pbp2a,HemoPI2-Zenodo-14676712-rf-only-v27,0.22117413373990175,0.28251089202785207,False,False,no_conflict,False,apex;peptiverse
pbp2a,2,86,29,20288922,autoresearch-rule-crossover-v3,controlled_crossover,25fedf9fdae0ae5c471757a93ca11cfeef41fdb9c8dd73ce4fc9752ec764e90a,69e479c7c0aea2dd22c54697eed0688ace2cbc4529f788f8743331735bb55cd6,c07048f722caabf59c5758a7c9e846a219ab9c9864a06f726a64736b79d1e79d,proposal-8ee156c99eced4ef2d18,KNKKDHGEKHKNTNKNRGRKTRNKKG,8ee156c99eced4ef2d18aef8a45654ab4a8a4a7f908cdbd3e5aa324b833b92ff,28.326923,0,0.000000,10.069,false,pending,seqfam80_04cb3062549a0a389199,KKGSGGEHKNTNKNRGRKTRNKKG,27,false,false,3102.49,11.67333984375,0.0,0.12485535899827215,0.287,0.347,low,0.29,0.0,Non-Toxin,1.0354808568954468,10.851277176384977,2.7327164494645286,540.4013800918165,1.8420157432556152,3.182199239730835,3.19728684425354,2.7093491554260254,12,true,true,0,false,not_started,0.345806,0.992258,0.806452,2,true,at_or_above_parent_run_top_quartile_per_independent_model,autoresearch_structure_cohort_challenger_shadow,0,0.31,153.024,pbp2a,HemoPI2-Zenodo-14676712-rf-only-v27,0.2277032848517308,0.28251089202785207,False,False,no_conflict,False,apex;peptiverse
pbp2a,2,17,6,20265922,autoresearch-rule-crossover-v3,controlled_crossover,76622d6ea444d95fc3acdad797ab6e309a82c7855f3f135e1cc77f15c707607d,b21093b2e6efa7a62a151b1f6ff5fa912f6ea189df06988046cbeb7fe902ad31,c07048f722caabf59c5758a7c9e846a219ab9c9864a06f726a64736b79d1e79d,proposal-7517fbb41866e52e9b29,QGKTGTGHKNTNKNRGRKTRNKKG,7517fbb41866e52e9b299ba92155af57f2a8cac641d00fffb0029f06b04d287f,13.300000,0,0.000000,9.028,false,pending,seqfam80_04cb3062549a0a389199,KKGSGGEHKNTNKNRGRKTRNKKG,27,false,false,2666.97,12.46484375,0.0,0.05043679738063528,0.495,0.376,low,0.22,0.22,Non-Toxin,0.7787038087844849,6.0076387348200635,1.8470466978235278,70.31479223003778,1.5019125938415527,2.1597933769226074,1.2649439573287964,2.461595058441162,12,true,true,1,false,not_started,0.802581,0.997419,0.963871,3,true,at_or_above_parent_run_top_quartile_per_independent_model,autoresearch_structure_cohort_challenger_shadow,0,0.315,169.735,pbp2a,HemoPI2-Zenodo-14676712-rf-only-v27,0.23430765256616987,0.28251089202785207,False,False,no_conflict,False,apex;peptiverse
pbp2a,2,26,9,20268922,autoresearch-rule-crossover-v3,controlled_crossover,c4ec3e2c814c9845d1355e4096cdf67aae46264b6a662ff4b7d394390b17c186,b21093b2e6efa7a62a151b1f6ff5fa912f6ea189df06988046cbeb7fe902ad31,c07048f722caabf59c5758a7c9e846a219ab9c9864a06f726a64736b79d1e79d,proposal-c5dceac43539bbafbb0a,QGKTGTKHKNTNKNRGRKTRNKKG,c5dceac43539bbafbb0a1488d9770cb783e67f268e846546655c98e1121ddbb9,16.837500,0,0.000000,10.028,false,pending,seqfam80_04cb3062549a0a389199,KKGSGGEHKNTNKNRGRKTRNKKG,27,false,false,2738.09,12.47412109375,0.0,0.10530286151304163,0.475,0.337,low,0.295,0.295,Non-Toxin,0.9830039739608765,9.616210775446385,2.025792435251536,106.11882564445473,1.5279581546783447,2.450578212738037,1.3250577449798584,2.799649953842163,12,true,true,1,false,not_started,0.621935,0.993548,0.957419,2,true,at_or_above_parent_run_top_quartile_per_independent_model,autoresearch_structure_cohort_challenger_shadow,0,0.32,180.73,pbp2a,HemoPI2-Zenodo-14676712-rf-only-v27,0.24098572030325782,0.28251089202785207,False,False,no_conflict,False,apex;peptiverse
pbp2a,2,75,25,20284923,autoresearch-rule-de-novo-v4,de_novo,1a3ae6b1e66675a8f3011c474158b41c6d7961a66f56adbf9df2a3127bd2721f,,,proposal-6773814b18d9c55261f4,SKAGKRKFRNFRNRGNGTRSGKK,6773814b18d9c55261f4221f98c804678fd8be4f4353efc1847f028fda1b19f8,22.047826,1,0.130435,9.987,false,pending,seqfam80_6773814b18d9c55261f4,SKAGKRKFRNFRNRGNGTRSGKK,1,true,true,2651.01,12.7265625,0.13043478260869565,0.3685446722104051,0.327,0.297,low,0.415,0.0,Non-Toxin,1.1193641424179077,13.163280697653143,1.9556171390257346,90.28531945205117,1.8247963190078735,2.471290349960327,1.404974341392517,2.1214234828948975,12,true,true,0,false,not_started,0.699355,0.988387,0.855484,2,true,at_or_above_parent_run_top_quartile_per_independent_model,autoresearch_structure_cohort_challenger_shadow,0,0.32,195.044,pbp2a,HemoPI2-Zenodo-14676712-rf-only-v27,0.24098572030325782,0.28251089202785207,False,False,no_conflict,False,apex;peptiverse
pbp2a,2,2,1,20260922,autoresearch-rule-crossover-v3,controlled_crossover,5b6f3c26b41e580e029a17fdb722042763b3372f0baf17910267d2e84ed04d0a,b21093b2e6efa7a62a151b1f6ff5fa912f6ea189df06988046cbeb7fe902ad31,c07048f722caabf59c5758a7c9e846a219ab9c9864a06f726a64736b79d1e79d,proposal-7209fcab9dd594dbcf0d,QGKTGTGRKNTNKNRGRKTRNKKG,7209fcab9dd594dbcf0db2bf459349dfdc4f062f9cdf788ac54e9dfc7668b480,3.433333,0,0.000000,9.986,false,pending,seqfam80_04cb3062549a0a389199,KKGSGGEHKNTNKNRGRKTRNKKG,27,false,false,2686.01,12.6171875,0.0,0.037139967029808124,0.535,0.376,low,0.245,0.245,Non-Toxin,0.7556054592132568,5.696465339257495,2.0073621524845815,101.70964827867427,1.6742035150527954,2.2941718101501465,1.334590196609497,2.7265512943267822,12,true,true,2,true,not_started,0.629677,0.998710,0.985806,2,true,at_or_above_parent_run_top_quartile_per_independent_model,autoresearch_structure_cohort_challenger_shadow,0,0.335,176.666,pbp2a,HemoPI2-Zenodo-14676712-rf-only-v27,0.2614462381922722,0.28251089202785207,False,False,no_conflict,False,apex;peptiverse
pbp2a,2,107,36,20295922,autoresearch-rule-crossover-v3,controlled_crossover,356e3b17e134ac6b3a52dbb378056aa9b5f0dd270c14935148609bb9af545711,b21093b2e6efa7a62a151b1f6ff5fa912f6ea189df06988046cbeb7fe902ad31,c07048f722caabf59c5758a7c9e846a219ab9c9864a06f726a64736b79d1e79d,proposal-91e32fa4bdee0c99abe3,QGKTGTGRRNTNKNRGRKTRNKKG,91e32fa4bdee0c99abe337a35153b01b197b097f52056ce5defebf2b55ec8742,32.441667,0,0.000000,9.987,false,pending,seqfam80_04cb3062549a0a389199,KKGSGGEHKNTNKNRGRKTRNKKG,27,false,false,2714.02,12.7265625,0.0,0.049295076239563584,0.545,0.347,low,0.255,0.255,Non-Toxin,0.8388500213623047,6.900014785635066,1.9719354052969613,93.74225691978866,1.6277318000793457,2.385700225830078,1.2832876443862915,2.5910816192626953,12,true,true,2,true,not_started,0.674839,0.996129,0.987097,2,true,at_or_above_parent_run_top_quartile_per_independent_model,autoresearch_structure_cohort_challenger_shadow,0,0.335,176.697,pbp2a,HemoPI2-Zenodo-14676712-rf-only-v27,0.2614462381922722,0.28251089202785207,False,False,no_conflict,False,apex;peptiverse
pbp2a,2,15,5,20264923,autoresearch-rule-de-novo-v4,de_novo,a22f8c237965719ce647eab55bcbf8db61cb266643b074b43717a2646557e587,,,proposal-900b1578574a88a2da8a,GTGDKHDTHQKKRKNKDRKKKRK,900b1578574a88a2da8a9443a2da402fb301e8ecb1150a5cccb71030abe75b2d,27.321739,0,0.000000,9.069,false,pending,seqfam80_900b1578574a88a2da8a,GTGDKHDTHQKKRKNKDRKKKRK,1,true,true,2818.22,11.379638671875,0.0,0.08592050521993837,0.337,0.465,low,0.26,0.0,Non-Toxin,0.8307962417602539,6.773236526500297,2.465761530441418,292.2547176896689,2.3180644512176514,2.975372791290283,1.0878076553344727,3.481903553009033,12,true,true,1,false,not_started,0.460645,0.996129,0.867097,2,true,at_or_above_parent_run_top_quartile_per_independent_model,autoresearch_structure_cohort_challenger_shadow,0,0.3,87.346,pbp2a,HemoPI2-Zenodo-14676712-rf-only-v27,0.2147216673120842,0.28251089202785207,False,True,cross_model_disagreement_retained,False,apex;peptiverse
pbp2a,2,95,32,20291922,autoresearch-rule-crossover-v3,controlled_crossover,6e8d0a0a7f2706095724dd4cc64a35aac8c047afd154e49f45577891c3ebf538,c07048f722caabf59c5758a7c9e846a219ab9c9864a06f726a64736b79d1e79d,f02311a56d7c755613989b52ced6005d4909b9ec1fd5072d8461cc44bf2c81f3,proposal-ca13fc7868616e91c10d,EEKHKNTNKNRGRKSKKGQR,ca13fc7868616e91c10d5da14a866facb0b2a99a1ba624e656148dd9acd96886,29.230000,0,0.000000,7.029,false,pending,seqfam80_26f2246ce7fbae19b284,EEKHKNTNKNRGRKTKKGQR,3,true,true,2423.7,11.567626953125,0.0,0.3076227633365119,0.396,0.347,low,0.255,0.255,Non-Toxin,1.0885086059570312,12.260511978044432,1.9873525865286898,97.12982058647468,2.495795488357544,1.9727451801300049,1.1292967796325684,2.35160756111145,12,true,true,0,false,not_started,0.660645,0.989677,0.927742,2,true,at_or_above_parent_run_top_quartile_per_independent_model,autoresearch_structure_cohort_challenger_shadow,0,0.35,184.449,pbp2a,HemoPI2-Zenodo-14676712-rf-only-v27,0.28251089202785207,0.28251089202785207,True,False,cross_model_disagreement_retained,False,apex;peptiverse
pbp2a,2,60,20,20279923,autoresearch-rule-de-novo-v4,de_novo,52266a9dbd78beef72f2be3b5a0527da69707cdf1a83db5e2d2c8d4d994d0409,,,proposal-99575a6ff03779b4e9ae,QKEKRYKHLAKEVGKHTKKQRTKKEK,99575a6ff03779b4e9ae11bf0ce3d3b5bfcf4bb34852ac6896d44b76fb7568a7,18.915385,2,0.153846,9.068,false,pending,seqfam80_99575a6ff03779b4e9ae,QKEKRYKHLAKEVGKHTKKQRTKKEK,1,true,true,3235.8,11.0316162109375,0.11538461538461539,0.2795867939428442,0.347,0.436,low,0.265,0.265,Non-Toxin,1.601155400276184,39.91677079421512,2.3196787156102765,208.77510732300928,1.994704008102417,3.1026992797851562,1.5336202383041382,2.6477248668670654,12,true,true,0,false,not_started,0.509677,0.776774,0.877419,2,true,at_or_above_parent_run_top_quartile_per_independent_model,autoresearch_structure_cohort_challenger_shadow,0,0.375,147.341,pbp2a,HemoPI2-Zenodo-14676712-rf-only-v27,0.31882782159990525,0.28251089202785207,True,False,cross_model_disagreement_retained,False,apex;peptiverse
